IMG_0801.JPG -0.30592525710013596 -0.3931294631264202 0.6764825416610717 -0.542430026010658 5.054269226140562 1.0578533562119667 -4.49038574215807
IMG_0964.JPG -0.11500862770456366 -0.12050195875238752 0.7116519090524096 -0.6824982445636116 -2.7237939599390435 -1.842113695346321 -7.33656387904009
IMG_1037.JPG 0.189761545372855 0.20700437079052406 0.7148520215650266 -0.6404110661408977 6.560369846802394 0.14826045243358665 -1.4092077829396132
IMG_0835.JPG 0.6117428640107263 0.7304531462167455 -0.22102316211036038 0.20822495365529484 -7.353576427370831 -4.668347708225801 25.783541618862888
IMG_0994.JPG 0.35432225353530195 0.6984207611573489 0.567736072430914 -0.2536531748170604 47.803676214121225 0.438113955728427 6.601191816171359
IMG_0894.JPG 0.6893852581063493 0.7201662367781868 0.06469887336947201 -0.043847612193911534 4.873273713839646 -0.9277624868299756 28.32574483122975
IMG_1063.JPG 0.2533446045254508 0.32982769603272927 0.7044824771151561 -0.5750953327277829 -16.565339669214875 2.383262881289765 -9.632214462500556
IMG_0811.JPG 0.5637089838994902 0.6023624507194683 0.42593046216258773 -0.3714497285450699 -2.6577212526469554 -1.1234602650770724 11.271573139422754
IMG_1001.JPG 0.4958857112333937 0.5844902633798004 -0.500789428103282 0.4020925790272076 -51.43128918320279 -0.9388719539253223 11.66146827419292
IMG_1107.JPG 0.5152716049355448 0.6333507232603984 0.4557020981113589 -0.3545386188690637 36.91472446549221 -7.049482580578173 34.37644635581764
IMG_0773.JPG 0.5946109277709221 0.7211418346341736 0.31021829772188525 -0.1736574405961256 31.276358068347125 -6.911988379254533 45.5329154786843
IMG_0763.JPG 0.5831489921624462 0.6999433257881112 0.31370701642968446 -0.2675901744597265 30.71136870554713 -8.347258876482279 45.58060536803641
IMG_0735.JPG 0.37096125469278685 0.4722146895557771 0.6290864477543877 -0.49361044937912396 3.5590664056140193 0.08134529110648626 0.029796464564045885
IMG_1094.JPG 0.06648317243457433 0.06665327502694038 0.7777190264343848 -0.621522682315915 21.655182735382255 7.870425566157968 -34.067200888439494
IMG_0995.JPG 0.2335685316799716 0.6030722768663667 0.6657109278532665 -0.3722613737964516 46.06058032253268 5.215472634489755 -13.477003535969702
IMG_0924.JPG 0.619398717718704 0.748359928832215 0.17617431805778994 -0.15895047990975045 15.51429124177287 0.47147880003945464 -3.7497261380572167
IMG_0887.JPG -0.22557324611501153 -0.24614443488758606 0.6940479650885965 -0.6378299538022547 -29.196912848311822 3.3450023579884327 -39.246571529607955
IMG_0741.JPG 0.24267221015205923 0.2711008871588227 0.7005812148419039 -0.6138407519970104 17.770771075728355 2.4312162279770204 -17.338864749195686
IMG_0983.JPG -0.16049946016873462 -0.18038779147733794 0.7361605578698714 -0.6322719359644177 -20.527119974903787 3.9751010937372584 -25.886153484365348
IMG_0749.JPG -0.3144558434582441 -0.3574391136339176 0.6598695577970722 -0.5813148624044115 -41.59103383704333 1.6216298373840008 -14.922074043610289
IMG_1056.JPG 0.6102197317545885 0.791537754037669 0.008535839489797671 -0.032046877454204356 24.366496629260553 0.14104426147431576 -2.2727250405959745
IMG_0761.JPG 0.5967587718658183 0.7109267870049945 -0.26267371447054455 0.26356136182339673 -47.705701423446314 -7.120899975590031 28.431087669976815
IMG_0957.JPG -0.3175657676149904 -0.358126050199263 0.6701472507813799 -0.5672745170355666 -56.10059978583226 3.3055731124273464 -14.151208296288164
IMG_0921.JPG 0.6385735579914623 0.7676606664912722 0.032372652034489004 -0.04327728684372683 15.4761618720727 -0.8453395018279662 2.3168083914045856
IMG_0862.JPG 0.5679540140370809 0.6330041172072519 -0.3855978901630263 0.3578383610509886 -55.61169824662565 -2.1347987939686783 13.7907083757799
IMG_1054.JPG 0.5330833982292094 0.7229525443034076 0.36445869233877815 -0.24562485785509422 3.8156088557060035 6.028559224702802 -15.812962252507003
IMG_1100.JPG 0.4685985419974496 0.571497797397661 -0.5266571338116801 0.42004516115859764 -43.979513809209145 1.718029896848159 -5.394470351399028
IMG_1111.JPG 0.07318772338499106 0.11149360325511473 0.7565706544146111 -0.6401668364243495 5.113150572081789 6.942011007688856 -41.092012534236716
IMG_0827.JPG -0.1623468781352219 -0.17228791593402354 0.6919379587782459 -0.6820426866294016 -14.349098952036066 -0.1611361878615339 -9.75062459834954
IMG_1093.JPG 0.15313918099032028 0.19417336107868788 0.7513639933802777 -0.6117983708254399 30.972151834370106 5.221475599989943 -26.040897569910893
IMG_0929.JPG -0.3165525151790575 -0.4105601336832679 0.6651644724331868 -0.5373928789781927 -9.137915086359014 -3.9997612082724907 17.130869244603474
IMG_0943.JPG 0.07138589385169851 0.08127235388036376 0.7669378990176197 -0.6325386294165579 -11.338172149528507 5.278672266426067 -28.19488232130519
IMG_0941.JPG -0.01572196662554116 -0.008177547632351805 0.7674837561294359 -0.6408234012250164 -17.288408508195882 3.384119661053506 -17.73589588740062
IMG_1009.JPG 0.6189822126035543 0.7405187309031802 0.20470267066096418 -0.16306393312508574 11.877677858772586 -5.44288490774323 29.958147715548623
IMG_0984.JPG 0.0061254096401692545 0.019900867296618358 0.7556443460378415 -0.654651095728577 -4.6912793086050355 6.320244390974966 -43.55601888965659
IMG_1098.JPG 0.1484154374759586 0.16465393237231027 0.7709706024271846 -0.5970479634553802 27.845044483690913 8.578538920700632 -31.105969496111427
IMG_0989.JPG -0.02135007163536164 -0.012711967774449096 0.7514267956702363 -0.6593484291823458 -8.473147277901834 5.68606919366945 -42.96199409216636
IMG_1066.JPG -0.055420736534791355 -0.05873192624576337 0.7725130820278976 -0.6298433463149082 -12.773495520688561 0.6878498952631958 -2.8113222226709405
IMG_1058.JPG 0.5914853821863786 0.7229813100578849 0.26879258355036006 -0.23493321390374194 7.303256287825544 2.795189358272734 -15.339586054220728
IMG_1046.JPG 0.12739759385185945 0.15981664476560226 0.7395995860229881 -0.6412651132653686 -8.681232682805696 0.788976610355627 -4.5867092532522475
IMG_0847.JPG 0.36101875037730713 0.34194089531623706 0.6885738820549461 -0.5278332074984663 5.512216658348583 -2.59504961298707 14.03327763629588
IMG_0813.JPG 0.5801217189017229 0.720778230263377 -0.29535425303783036 0.2381247556415947 -7.577799071547732 0.54570380729404 -2.721213132725497
IMG_1114.JPG 0.4646943900720912 0.559039389136127 0.5294673704127499 -0.4372623799254186 45.92102834699441 -2.282626602215279 13.416580369862452
IMG_1055.JPG 0.6803261551760617 0.692673738753381 0.17676246367049175 -0.16159964623076725 19.911524635816857 0.31670912086188474 -11.492001164089091
IMG_0933.JPG 0.29269186326205615 0.3678457822202013 0.6793835565648015 -0.5634349445609099 -2.105994100277124 3.3880300770571408 -17.219656880501514
IMG_0802.JPG -0.1724662182318671 -0.16397036358101288 0.732712782574134 -0.6375743891408899 6.5557962545867134 -0.1333976145290959 -1.106230544697187
IMG_0804.JPG 0.3810870517326301 0.49328033553620515 0.6212974972941345 -0.474801631664283 0.7114912616163453 -2.9940393828120304 11.047741999618193
IMG_0976.JPG 0.6232888815993332 0.7759773275397431 -0.06508652885635625 0.07165124549065982 -0.4122465211521878 -5.516869153274149 24.492563683542723
IMG_0950.JPG 0.11630538409564564 0.12810363038224695 0.7574772250186139 -0.6295162993055483 -3.6598206981878385 5.930058971560577 -32.87336486844975
IMG_1040.JPG 0.47169814294807083 0.5259538940688637 0.5343688109175402 -0.4640294572241227 28.94171680581679 0.934912763713462 -4.6855258519909615
IMG_0907.JPG 0.3947980503037669 0.46575025609423854 0.6104991980420676 -0.5044818407182637 26.55476574757807 2.5873598509482916 -12.300998553540548
IMG_0861.JPG 0.5351714408335377 0.6402907890873362 -0.4238888157311093 0.35204759085122245 -51.507961647470346 -3.6895517792289008 21.736467322994116
IMG_0739.JPG 0.435300455879838 0.5355891945264086 0.563026517058194 -0.454597480092749 17.852217186137608 0.11534935121727787 0.015341004978709341
IMG_0966.JPG -0.07478371335364861 -0.08538997075339624 0.7417398557866159 -0.661012810351981 -3.0988197717052075 -0.35238274727548974 -7.429620147157948
IMG_0870.JPG 0.6370755498999273 0.6634295259335196 0.28591749286608115 -0.26878838351481144 17.622805288744264 -1.3186266969844238 38.63134885210346
IMG_0925.JPG 0.6334827697878874 0.7395754569895107 0.161798873912245 -0.15984007069990988 15.718335274304202 -0.10222781902693932 -3.4129923317615183
IMG_1065.JPG 0.008655898098492579 0.02082162901022448 0.7757247632079843 -0.6306683969721226 -12.015956921571899 1.2254473514921522 -5.288654106604412
IMG_1022.JPG 0.4999139902933339 0.6143727306964346 -0.46071464815921886 0.40046743070707996 -28.439827160390543 -2.5293033879582327 9.01217030054528
IMG_0828.JPG -0.05375143909807292 -0.052280698372436596 0.7188279040287714 -0.6911323720982687 -10.545647891166885 0.7077612986983174 -13.742593565447113
IMG_0918.JPG 0.5979882789774913 0.7203067196554719 0.2826548446339634 -0.2089844171933931 20.42255101286872 1.1512516437362812 -3.2160903681623747
IMG_0931.JPG 0.3352995229576192 0.3874481633726104 0.6311045998469571 -0.5823788583521858 -0.6105645109834769 1.5566416508676104 -17.441760906691126
IMG_0974.JPG -0.2855993411233816 -0.3395446129370683 0.6910913366840582 -0.5705569529289326 -21.814433677538933 5.524239292297408 -5.144046416362216
IMG_0998.JPG 0.566267504956693 0.7132532477595998 -0.3143506431388183 0.2679451260029123 -37.791865814760385 -8.895585335566778 35.27994857108475
IMG_0937.JPG 0.623269363494159 0.7814627473169735 -0.022666526472778847 0.018371272766302866 11.192789175773541 -2.945443327747673 12.649009246717895
IMG_0944.JPG -0.055937638736735205 -0.016870872456176383 0.7719856088550987 -0.6329491085037954 -19.557608358985718 5.848157795390176 -23.150078740387283
IMG_0946.JPG -0.09180622799305543 -0.10112273466619635 0.756992417086809 -0.6389900543110104 -23.041896575391686 3.63773545829769 -19.834242071664413
IMG_1085.JPG 0.1478200231986125 0.20863055233649586 0.748889601872479 -0.6113811393726597 34.91007380011599 2.3503310822436996 -16.85818530048581
IMG_0809.JPG 0.5112292318127678 0.5900122825480054 0.48020621533356894 -0.399915203183912 -0.9358983393619517 -1.8429212567094186 11.420603365814967
IMG_0961.JPG 0.0021258231864719336 -0.011687853442345401 -0.5926723608778555 0.8053560377927017 -0.39605160599735617 -2.1262861444442427 3.119860293530362
IMG_1036.JPG 0.11046954046169864 0.08524111237087381 0.7706671647846025 -0.6217737164876127 5.76545853806059 1.0351750156611497 -3.2870132049478586
IMG_0807.JPG 0.3232993004162087 0.36748213245382116 0.6687745877529618 -0.5596204029996028 4.552816318097895 -1.6596946024249752 10.484775355725509
IMG_0810.JPG 0.6163814672258167 0.666749746305417 0.3061661989140297 -0.2859736374296518 -6.41595509962108 -0.7239262716470931 9.793659686081694
IMG_1061.JPG 0.12727383862985633 0.16151006620646483 0.7645832214768881 -0.6108423413209246 -19.164322059730328 0.44199768559609737 -1.8288448585533705
IMG_0962.JPG 0.11921157556064241 0.09042416030513947 -0.5792867448345785 0.8012733233700085 0.37107567909307576 -2.129778041273588 3.0310451930607702
IMG_0831.JPG -0.08750673697059883 -0.12094057001775892 0.7356321952099482 -0.6607277978707498 -15.659951476044991 1.6053354524656627 -18.70998004123124
IMG_0843.JPG -0.44108079258434213 -0.5159034647098858 0.5604754974395738 -0.4745087631259991 -44.15334782669483 -0.8802763255806161 6.739470325552787
IMG_0845.JPG -0.4138573222182344 -0.5080994012202684 0.5715810961546968 -0.49381389798642983 -44.36254016593763 -1.9520255183201551 3.70760677280642
IMG_1023.JPG 0.42798472601347237 0.5404717275429596 -0.5409083709209292 0.48180651748764197 -29.02110747114896 0.4253678333378701 -12.214888216597274
IMG_0747.JPG 0.555589710767361 0.6939465672627041 0.3614470008806924 -0.28127264464946217 25.389884077682932 -4.106932984754252 18.506428026097428
IMG_1053.JPG 0.5828039231152425 0.7053057517719367 0.31349663395737665 -0.2541716825618084 5.553632383019858 3.273195889117085 -15.908480104454334
IMG_0819.JPG 0.5635637910961544 0.6647955162102159 0.3813540643485588 -0.30823992699998776 2.52673052006404 -0.25376920813916415 1.6254766213568723
IMG_1086.JPG 0.029755138665893407 0.039645154884062686 0.7870906194206511 -0.6148424596896421 25.098380241694628 7.081719375608535 -28.90220440225747
IMG_1103.JPG 0.2592755081366465 0.3290969146956391 0.7188855572970954 -0.5546845834597719 40.10786992326822 3.1874000861583722 -11.117586792652984
IMG_0917.JPG 0.5991995143903636 0.7982935806350927 0.03955000069745895 -0.04607709318073851 16.651037721422234 -2.585825736704328 7.854247479140876
IMG_0963.JPG 0.03609625774059474 0.031020138567008245 0.7094939006097334 -0.703102564479745 -0.008166943616483334 -2.7451640718473898 -7.676230270353117
IMG_0860.JPG 0.4838799391266135 0.5629031152328084 -0.5109475195544478 0.4335123062073113 -55.840802240128575 -0.4475149571353331 5.781684740253643
IMG_0829.JPG -0.17265625729020714 -0.2086575515468194 0.6988536974246287 -0.6620085744134666 -14.744627281837303 0.16701197609981439 -8.546713133998518
IMG_0758.JPG 0.42770355839852114 0.49180127186041867 0.5893801249775362 -0.47731775937123855 52.4386223468147 5.847572645902039 -22.2402221239285
IMG_1030.JPG 0.5640488706420236 0.7460222326991305 0.2894124756282318 -0.20381393180251453 19.045525551452968 -1.2452282462108526 22.561317110971455
IMG_0765.JPG 0.16574470010268025 0.17978878215799607 0.7297041496278686 -0.6385425140222739 27.24168241147174 3.1822739235043658 -21.45200329000815
IMG_0909.JPG 0.46541510138142334 0.5264339496991016 0.53857539498535 -0.4649651857146931 28.908535637659327 1.0108713822507567 -5.6502386171960906
IMG_0927.JPG -0.37994897051969867 -0.4984668378883167 0.6031811371061113 -0.49329717936151085 -3.8478003463054162 -4.574139106734 18.830283835581856
IMG_0820.JPG 0.042880452868657576 0.021474962387919485 0.7641142957611272 -0.643295760724174 -6.2611793887330265 0.11873821594074327 -2.175211421485372
IMG_0971.JPG -0.14196922100953363 -0.2153068309546518 0.7574369471611481 -0.5998141211287147 -17.958475174315634 7.118409430307689 -12.717763678079358
IMG_0911.JPG 0.4846959047341237 0.8120209264656012 0.2928229075685916 -0.14123257315149884 38.11529185849145 -17.156805430336224 39.09997615938592
IMG_0977.JPG 0.5637297720816554 0.6973303718030992 -0.3473118682309553 0.2744331663914557 -17.663742100185715 -4.024742354069207 18.475148003586792
IMG_1005.JPG 0.6491755241234067 0.7599200039196531 -0.020763214193088752 0.025721886754797484 -9.782178097824296 -7.923300454202063 49.23704464380179
IMG_1092.JPG 0.05570117428656042 0.04242084324800602 0.7904058362193467 -0.6085691951714454 22.100217865365703 9.661462207230679 -34.158210369309884
IMG_0853.JPG 0.5577735839617577 0.6693672171499082 -0.3737407591174411 0.318047170422506 -39.89830892122055 -6.553171976721586 34.59305189686899
IMG_1007.JPG 0.5945455684410687 0.7301949228574589 0.27143199055764633 -0.19913717930660113 16.47122480254769 -5.56234106772336 27.668556103846793
IMG_1109.JPG 0.5490451636594149 0.6803473478390198 0.38152762989138145 -0.3001892106323672 28.68493770086938 -8.953776672716753 40.99768102644666
IMG_0953.JPG 0.6566982889107497 0.7375850424445715 0.11671601665292995 -0.10532347297922912 30.90429609282411 -5.417409959504525 47.090602224266455
IMG_0940.JPG -0.09447106766214033 -0.12042356232121873 0.7648380112172523 -0.6257764773542395 -21.5246438561569 2.353663455736867 -12.537770723675623
IMG_0874.JPG 0.4385665866824505 0.5017686931339292 0.5577848188588375 -0.49473591287371577 32.671841045416684 -1.523797953409221 10.562235382219237
IMG_1112.JPG 0.44760865260029825 0.5493033954387601 0.5384439923663497 -0.4560595804951165 46.54855787941794 -5.7858514527896885 26.042360392389703
IMG_0979.JPG 0.5858354307047521 0.7663447409435347 -0.2082971451357962 0.16163194451419807 -8.87827670021247 -6.411915446942233 22.995664756050402
IMG_1097.JPG 0.1687612619226988 0.18428991917748697 0.7677072152347244 -0.5900699058928182 29.065225215488358 8.819440826405108 -29.523074506535313
IMG_0901.JPG 0.6615643609815405 0.7234061339325001 0.15055727049550194 -0.12786191758636786 7.508842157477064 -1.635365187100306 20.603507726319208
IMG_1084.JPG 0.11766746757208739 0.14854847338383917 0.7664875761816052 -0.6136648219425243 32.30516626627963 4.619985070927591 -21.109761138571663
IMG_1003.JPG 0.6222325311212049 0.7814322675368255 -0.018319889172920753 0.04306588124542505 -10.770873779774124 -11.511621211561572 48.67443692042837
IMG_1035.JPG 0.18064997527241744 0.1930785142414486 0.7606020354030076 -0.5929340751830611 6.007975284473523 1.0909268217120827 -1.4673211848876684
IMG_1028.JPG 0.5685443914309362 0.7439083383699665 0.27752916622340057 -0.21525617522247034 13.658334652654517 -6.09210972847911 21.64930686589427
IMG_0881.JPG -0.17321690998627776 -0.21099184376372462 0.7244022151583108 -0.6330243080907105 -6.352926344547075 4.549856230737507 -32.905100195562994
IMG_0930.JPG 0.3348405841145196 0.38766058617071136 0.6322470809886488 -0.5812612852590153 -0.6269717983980226 1.6224925168201 -17.4269601668984
IMG_0884.JPG 0.19917063931955734 0.2538019600528617 0.7170887785440087 -0.6178181813386736 18.912258422660496 3.8771770821351477 -26.513348999151678
IMG_1080.JPG 0.7062270138490967 0.7009327851190188 0.050457704392972695 -0.08596892300405133 -14.295623589636453 0.11937592107092214 3.694430063913327
IMG_0812.JPG 0.5153229269682124 0.65723649045945 -0.42946630843850164 0.3435711956285986 -6.154932293258968 1.2160559596358618 -5.382819636235499
IMG_0920.JPG 0.6196614086954283 0.728038264862387 0.21752869764286126 -0.19662474201270597 17.897402368702227 -0.5401314092346097 0.47929490541711783
IMG_0883.JPG 0.05668038491894722 0.054601009786033876 0.762707280099333 -0.6419374335394873 3.964499117979268 5.60677408247167 -32.35291293759186
IMG_0902.JPG 0.17424797623346164 0.19022107671922753 0.7145180387374479 -0.6503211184246681 6.090875671606544 1.1224347450192376 -9.495934081435538
IMG_0958.JPG -0.3987500814471403 -0.49358954565375657 0.602953973203568 -0.4835434201447151 -57.39862069125382 -1.2095288717384405 6.8936781978417745
IMG_0857.JPG 0.3655853999539129 0.45398597504098825 0.6170267815911313 -0.5286984023107233 48.85023334411294 1.473475134089357 -15.905588508364204
IMG_1070.JPG -0.12301629033185905 -0.1414856474848513 0.7647485358556428 -0.6164482790757316 -20.525364538175644 4.077607818162735 -17.591575176018935
IMG_0939.JPG -0.006732723595236923 0.0002737345709394711 0.7718227227732292 -0.6358020762102738 -16.926785719059573 3.6663506135167983 -18.152359932559023
IMG_1017.JPG 0.598223919134595 0.6676654161521249 -0.3255009129512506 0.30066624406068193 -30.97602644298561 -3.16761489707549 27.007666720897017
IMG_0771.JPG 0.37478226576275897 0.45472547561347604 0.6289465021789619 -0.5071383366446274 34.64496294267084 -0.39804509102947183 3.551969783651482
IMG_1083.JPG 0.20679899972079901 0.2566191655870361 0.7369826898403555 -0.5901163380584917 37.04962352474751 2.5012049135038574 -11.135978434850971
IMG_0770.JPG -0.022996073562393443 -0.0258614985994627 0.7672825871905948 -0.6403747300487515 12.116355479888407 5.935223006388216 -32.82126939357608
IMG_0880.JPG -0.0672794201998799 -0.07656065218531898 0.7464726295679318 -0.6575641105325508 5.696184457032549 4.375293778379125 -33.40106728934532
IMG_0774.JPG 0.2060865235839313 0.26079181675165564 0.7197804959320263 -0.6094522219077616 32.150023204860226 2.4577079681643648 -17.950334804988156
IMG_0844.JPG -0.28747169382628446 -0.32700571667983774 0.6744356962246448 -0.5962916888279854 -40.247177715881485 2.3534582551443606 -19.341790043041986
IMG_0913.JPG 0.11988620019610459 0.11594970335795372 0.810894751753201 -0.5609212661977225 -12.745592430357428 3.2996744048575106 -10.311535244604482
IMG_1013.JPG 0.23539696742118357 0.3111598725470763 0.7263503476756927 -0.5658471294234854 26.775552207367888 5.3502205514904775 -20.845384652433715
IMG_0840.JPG 0.0019685336687813556 -0.007063774169220123 0.7507996555286068 -0.6604892922885318 -10.959455213674802 4.403579293846193 -34.80397964534264
IMG_1031.JPG 0.679704997073995 0.7332751222218884 -0.012502567917101361 0.012344953567920426 -6.3008274522268 -0.8909169022173469 10.082171236660146
IMG_0973.JPG -0.1463365006433181 -0.18679552278948622 0.7490335052344174 -0.6185805277257865 -17.277998991220503 7.205140573969651 -13.648224867743846
IMG_0859.JPG 0.513507951122095 0.6132867622578193 -0.4541905786632137 0.3923007132637987 -53.91253019482648 -3.27612317271105 15.384263804681252
IMG_0757.JPG 0.5622300005168959 0.6642138283600482 0.3842706025430006 -0.30830751005335183 54.76893005883879 -1.6666367623322784 15.867857647218857
IMG_0738.JPG 0.18206518603945926 0.2046994379141277 0.726952301896347 -0.6296751217236238 10.609325406375046 2.361522813741983 -15.04165159562919
IMG_0839.JPG -0.15097652414132315 -0.17890321599987244 0.7527850526675094 -0.6152352338280722 -25.362560514304313 5.399742268896005 -25.96148206110991
IMG_0764.JPG 0.5632729299470625 0.6533537997855156 -0.37030525883930393 0.3445670239164457 -45.63180167298833 -2.414072830034228 8.121310823774209
IMG_0965.JPG 0.04116413308251014 0.03824890291114106 0.7303744348623726 -0.6807317536835851 -3.7600363640570986 3.264302234669998 -11.153793405336993
IMG_0948.JPG 0.12111043459245277 0.12034460856090888 0.7658036389893058 -0.619995342187251 -3.860434501307029 6.588266487477093 -32.729614049752435
IMG_0906.JPG 0.4722882613422079 0.5213917255645822 0.5326011349733467 -0.47056402086883337 28.828100889925725 0.7544243631842384 -5.586768777374655
IMG_0867.JPG 0.6389105699403469 0.7668626157561073 -0.03688113160162011 0.048526222869560515 -19.61384565898902 -7.47324339747625 38.99309827561998
IMG_1072.JPG -0.030992299393308997 -0.03251282426171763 0.7889832853756236 -0.6127705680225919 -14.497880550462122 5.773775551608943 -22.223108147044027
IMG_0955.JPG -0.28402940531417126 -0.3315015122559685 0.6877674794659284 -0.580008567590142 -54.61523122757613 3.501625383960063 -19.49207783920723
IMG_0892.JPG 0.5742638760566195 0.6573873351176318 0.3682916426876347 -0.3200377449767611 36.188095844474226 -2.812852985877064 20.73659457254026
IMG_1104.JPG 0.5946830462995399 0.7450995439891372 -0.2432361477800907 0.17892713713738667 -37.159054329754 -5.509879065255926 26.87534475783766
IMG_1102.JPG -0.43315194336663415 -0.5288646762162204 0.5779285228791549 -0.44573553891420703 -42.627958880932965 3.9880606115487764 -11.759520039838597
IMG_1095.JPG 0.4269664986657906 0.6423092464872885 -0.548448056118286 0.32302193522124856 -23.62537948497101 -13.657243371118941 30.96084034131838
IMG_1075.JPG -0.33720752433899914 -0.4802321346350663 0.6370116687694111 -0.49988430285879293 -24.3818519814454 3.9315453291162363 -18.459390784432994
IMG_0746.JPG 0.29268978723091044 0.34820117619373436 0.6942083011044143 -0.5578202793245772 26.69428927980885 4.188272216163562 -17.979418334011108
IMG_1019.JPG -0.3236975124967096 -0.41355941037732596 0.6512035992764665 -0.547834287701287 -27.751202326968585 1.4346691162705274 -12.18286638842604
IMG_0846.JPG 0.4385068215177335 0.665455479681493 0.5231111125263447 -0.3020522074008716 -4.108286571560973 -5.931071965061243 14.034874274797934
IMG_1105.JPG 0.4425655258540861 0.5114793887602002 0.5388898439313643 -0.5021178410558801 40.04140965747295 -3.152344213638121 13.753622555895172
IMG_0985.JPG 0.005802109248790861 0.01946099093977088 0.7551877697236185 -0.6551938933016509 -4.736754905469754 6.24541775700624 -43.55077652271273
IMG_0972.JPG -0.2884906268987449 -0.37934148968016396 0.689299555903592 -0.5456549409928534 -17.266541410398453 1.1277342179891987 -6.1979665509388155
IMG_0956.JPG -0.39088241029994425 -0.4809416806012798 0.601498475261292 -0.504088906282278 -57.68257591521629 -1.6960405158537764 4.712770140066539
IMG_0821.JPG -0.08142956831624595 -0.11178504281103989 0.7547065226142962 -0.6413200404875868 -6.285350404239808 -0.22625227757412963 0.2016203502862809
IMG_0947.JPG 0.23119496374862616 0.26755684312920536 0.7367857864471843 -0.5762889286819681 8.66654986483998 7.685067062984327 -31.52048881287706
IMG_0756.JPG 0.6351600710839913 0.7706988185509119 0.03182609597169105 -0.039775806717253566 19.701592569190073 -10.468014000021444 52.18343143812731
IMG_0914.JPG -0.20567011360598095 -0.20484039011916044 -0.6349979744621984 0.7159034790906093 -11.438004365730029 -2.068542764707456 -13.076851009214733
IMG_0865.JPG 0.6035746123202288 0.748152255841648 -0.21187737068871185 0.17627781831977016 -39.758357676644486 -8.790451291039291 39.86181176297135
IMG_0855.JPG 0.37361405271578174 0.5005675168657442 0.6132884322614801 -0.4834480318776852 50.150348025129944 1.5546689589616507 -10.742873678822914
IMG_0890.JPG 0.5777954959375314 0.7167209463198844 0.30885418307305157 -0.23889860522595918 30.492167022480828 -5.586115944260399 27.163412437018362
IMG_1020.JPG -0.42009399191415747 -0.5490641824416495 0.5557518267839413 -0.46172445088345004 -30.038160296068398 -0.9597479637355372 -0.0834663287052168
IMG_0759.JPG 0.21565616292480957 0.2550253714113653 0.73563202015368 -0.5893216526258459 23.627336628899542 11.519201140417081 -51.09873028010473
IMG_0899.JPG 0.6739326329405158 0.708054612742699 0.16276214994360122 -0.1340968089754137 7.897675607675452 -0.8349900885943097 20.113972046098798
IMG_0748.JPG 0.014220667862164317 0.02227122086881081 0.7902923021937942 -0.6121599810668779 -8.315074919290577 10.839870094721995 -41.9290100595774
IMG_0916.JPG 0.47980845416478046 0.5685328906838208 0.5267002291889773 -0.41126763560360735 10.924700110509159 3.057919548039521 -10.687403105480787
IMG_0754.JPG 0.6145524946430945 0.7885719318482999 0.011889217842674623 -0.018389837630569988 16.583720165213773 -13.46022900193971 52.628810623551765
IMG_0834.JPG 0.5640734758439803 0.6835053390414837 -0.35380622838268144 0.2991031897334067 -12.664953188123151 -3.595349596704323 19.333612142749498
IMG_0936.JPG -0.06919309985358353 -0.12456172052462033 0.7832598431415198 -0.605145198142164 -19.190232911120823 1.1264101414845857 -6.899276124464497
IMG_0945.JPG 0.017231379237593897 0.02324455312906059 0.7654971510957543 -0.6427883648477812 -15.251064444475873 4.828647063276657 -26.07965447129455
IMG_0877.JPG 0.275301612275322 0.33106894779317253 0.681665432416729 -0.5915527130643938 33.717697560834885 0.7821536110507912 -8.598183942174233
IMG_0980.JPG -0.014814157545140313 -0.02880594763863359 0.7881297668221493 -0.6146561874460669 -8.319478688016074 7.776349177594434 -31.449755247917437
IMG_0999.JPG 0.4940457966812914 0.5810275286691842 -0.5024827467875979 0.40723070966089836 -51.53916663607441 -0.95374567100158 11.037088710283372
IMG_1044.JPG 0.12255889033289125 0.14493947251010678 0.7653687018451488 -0.6149655420791753 -8.871161571625224 0.8512953424497081 -4.3239179925107125
IMG_0816.JPG 0.6256757228546657 0.7274876470754152 0.222077415740646 -0.17312779846380844 0.8939960065123146 -0.45448574799785313 2.9775784546475066
IMG_1002.JPG 0.5764684887787195 0.7288555631948973 -0.2861778709062792 0.23357199243183455 -33.9622937510513 -9.3790918458633 38.73501100791024
IMG_1064.JPG 0.12367676766396529 0.16639261001417202 0.7663724018366382 -0.60802211980816 -19.12556575289061 0.5942368827350973 -1.8298911581304114
IMG_0854.JPG -0.42266490122598366 -0.5533033800825564 0.564746917945323 -0.44302445703607246 -56.41941237899903 -2.3604887031143473 6.185467724717318
IMG_0882.JPG 0.17663570336776488 0.20168968340163643 0.7421498079594119 -0.6142758032438947 15.793890731851617 5.188916440118229 -28.251687062195778
IMG_0900.JPG 0.6999534025958233 0.713994635331828 0.00243757776382497 0.016460653891754353 -1.7404485590257477 -0.7240669215576663 21.72517244997594
IMG_1006.JPG 0.6379698127311165 0.7621117263318182 0.09143822205442818 -0.06180037361445169 4.787207516824786 -8.942368021410985 50.10521053649175
IMG_0768.JPG 0.5405454812716887 0.5985690444498695 0.456215064123336 -0.3760232665275759 40.04228029715977 -2.026747759793641 27.547744061009976
IMG_1052.JPG 0.5522196593550299 0.8320673353941375 0.03210273626500063 -0.0410708110002187 24.21389037497394 1.308894341743834 -3.2046291038599395
IMG_0767.JPG 0.6104928260225777 0.7431573821135165 0.20436118487754185 -0.18235164079491745 10.612900585447546 -8.453272825645692 43.792287377189716
IMG_1101.JPG -0.4091719351304658 -0.4864675395914888 0.6085414727491361 -0.4749788799196296 -40.83900096443821 5.20222023736816 -16.944844350604086
IMG_0926.JPG -0.27174638525206213 -0.32730424787092666 0.6940048442999194 -0.5808468881868363 -12.388084843509569 -3.125227373629786 14.93117954876096
IMG_0743.JPG 0.6094891980014552 0.7214410719081263 0.25686988579755315 -0.20509402491040304 13.885295837875647 -3.048880383608729 18.815339817062725
IMG_0915.JPG -0.05258353894466159 0.007762323843349108 -0.6829399299939187 0.7285381045494521 -16.444521814429432 -2.722160546964192 -5.719998871526961
IMG_0751.JPG -0.019812550713098592 -0.010173653405188107 0.8078861441096947 -0.5889175984517707 -12.60346886304844 15.695909681210628 -48.444129793029425
IMG_0742.JPG 0.4863619833739408 0.5444423108301081 0.5211092195544081 -0.4421309450852004 24.256038023598823 0.056345796684311375 2.4926688920929805
IMG_0952.JPG 0.5192332454281856 0.6590876810115885 -0.40105810987961044 0.36763114405702074 -46.73036048199703 -10.41315444740129 37.0318592031946
IMG_1096.JPG 0.14311994017241997 0.159827798164661 0.7715184338073854 -0.5989416198213963 27.32356144963565 8.530992471805055 -31.487300973334463
IMG_0868.JPG 0.19244653594799344 0.1906962801385878 0.7156058076882452 -0.6438226367143178 28.392885294274986 2.79409374485116 -19.832885245571344
IMG_0897.JPG 0.6534238179778409 0.6946088625715511 0.2256950500225347 -0.19904167033976627 17.236208978266163 -1.0534299548284245 23.963333788249084
IMG_1110.JPG 0.43765582591081426 0.5676426456164066 0.5538454107369157 -0.4236678721942307 46.038917262204656 -5.580563263261489 20.842115901872944
IMG_0830.JPG 0.015877315495064673 -0.005274092246977318 0.7633119718785045 -0.6458133851125955 -9.490063807856794 3.4630250431019456 -22.25110349137442
IMG_1078.JPG -0.4233036171867384 -0.5411696918649442 0.5574356242601739 -0.46606323292992674 -28.26504081242858 1.590292672454075 -11.804236278643026
IMG_1039.JPG 0.5177958774088043 0.5960934942658084 0.47411369666442105 -0.3895846224732474 29.16967544873777 0.24973368844919944 2.682831233202477
IMG_0745.JPG -0.17151881175593325 -0.17042496777630486 0.7310764167484783 -0.6380155957705754 -13.912167442325316 4.100626896651103 -28.507503555899554
IMG_0990.JPG -0.14258183630804144 -0.15182054690807184 0.7373869447050606 -0.6425585072739262 -23.3865714409709 5.213701482672241 -36.90830785399829
IMG_0864.JPG 0.5696668457234101 0.6923746931716782 -0.3401858241898447 0.28349704435715306 -51.75568552391137 -4.842366556939572 23.795791834583273
IMG_1008.JPG 0.5355662980018068 0.6460152224709959 0.43324125248055956 -0.3288390030538744 27.46675050049545 -2.7144485875269604 17.64537893209256
IMG_1024.JPG 0.5162550959011641 0.6226897032365077 -0.4456153089953291 0.3836211748956349 -31.457056457068774 -0.27591237875402663 -1.417000650773416
IMG_1079.JPG 0.1052149413842704 0.12577570235656396 0.7500835497202781 -0.640690999816015 23.79973727347702 3.0560004835086896 -21.02692029274597
IMG_0856.JPG 0.4474019594204048 0.5232957205903982 0.5357335133514569 -0.4888585461978375 51.303345409643526 -1.300897597715667 -2.327724053135418
IMG_1060.JPG 0.27028593085201946 0.34631332550286054 0.6967432325259609 -0.5670638977151368 -16.085251843671667 2.5231970641242754 -10.514063497262455
IMG_0978.JPG 0.5677790212144015 0.6975026924675541 -0.34167182259824225 0.2727220979527007 -17.562713742407645 -4.031234176667104 18.667147337832812
IMG_0848.JPG 0.3801191218328918 0.531535503160662 0.6470889228945658 -0.3927535970094779 -1.2924781714000493 -6.688903055085491 18.644969264414467
IMG_1045.JPG 0.6419336923228212 0.7660710935090728 0.016712429168941254 -0.027873088488278203 8.810251026240289 -0.1928901401823302 0.6810789002565085
IMG_1021.JPG -0.4354795105198881 -0.5133727938398271 0.5572005946926172 -0.48614140714059917 -30.217641675659102 -0.19754287982917135 -1.3920464692279064
IMG_1034.JPG 0.6446994187101227 0.7184991414027603 0.19583869433560566 -0.1725365153213984 0.6735583244504241 -1.4286684455268854 11.55729779219793
IMG_0744.JPG -0.43130392402519396 -0.5251400558309941 0.5756118322728585 -0.454836086331959 -31.522527957178866 1.402668933744718 -3.814230985517716
IMG_0928.JPG 0.15461736630312517 0.13693658471678555 0.744541905985523 -0.6348221735533761 -16.397302223911208 0.04115856812377164 -6.3326442697873295
IMG_0896.JPG 0.6915967666630023 0.7167443452735907 0.0692160013864675 -0.05639681738964163 5.7583710720372245 -0.834850274323318 28.634052328998052
IMG_0960.JPG 0.08842773368746089 0.052176015906107494 -0.6085344744877421 0.7868570344344598 -1.8771049109157067 2.5152320037470624 -6.004643133885738
IMG_0981.JPG -0.1605676502661839 -0.21963170405331287 0.752822706476034 -0.5993645942802541 -22.107588648081954 5.167370776536728 -24.195899178369046
IMG_0826.JPG -0.04449949731418252 -0.04640258468937921 0.7092801964677318 -0.7019887447613573 -10.365416612615622 0.15868377319666765 -14.056573923695222
IMG_0869.JPG 0.052086674804885096 0.05130637754383424 0.7487687727863312 -0.6587867324340636 18.374513030629327 3.941477061417463 -29.27098892487411
IMG_0875.JPG 0.32134953577990816 0.37062138849502335 0.6543408740597138 -0.5755104541003822 34.36715440574082 0.3884692410701034 -4.03006139376769
IMG_0866.JPG 0.21516445537838216 0.22925361489437432 0.7132426856960099 -0.6264438590174931 30.05916007923978 2.7304022557047025 -17.16212754248161
IMG_0822.JPG 0.07630211765397825 0.08038700862547571 0.7587541148028684 -0.6418785780468779 -5.860774314303443 0.34092308346847056 -2.913053624954315
IMG_1077.JPG -0.3532148428703313 -0.43680109463240824 0.6245978464307719 -0.542514155334273 -23.170008416654643 2.585401695734205 -20.22332157960798
IMG_0919.JPG 0.6502249914939324 0.7594411501529412 0.0009392312655050228 -0.02134754636307705 15.935090586489217 -1.986955876800998 9.635737477419681
IMG_0842.JPG -0.30281932449205456 -0.33882046572131097 0.6810187436607269 -0.5742078190910801 -41.47263575335712 3.685553090188776 -16.903082481681587
IMG_0889.JPG -0.4156840481728339 -0.027988931958112997 0.6576189849177764 -0.6276628573192801 -2.061993071649144 6.6335023469133825 27.86071553798341
IMG_0997.JPG 0.48173418546861085 0.5709303916361748 -0.5099775236408763 0.42648984494144515 -52.09885835700942 -1.6212010109781274 8.511529426560262
IMG_1048.JPG 0.5172396132144342 0.6074203606231129 -0.45723794258067163 0.39298492577561284 6.2484664082229155 -1.721594665660636 10.537736113651247
IMG_1113.JPG 0.08262224900452549 0.12103308918296342 0.7494932996665381 -0.6455883743123222 6.22437836108433 6.1499943621637385 -41.058385223243036
IMG_1087.JPG 0.4619494241588552 0.5814496971319185 0.5280077603426322 -0.41197910656058734 35.54134441578654 -4.956782023893121 21.765241171588492
IMG_0967.JPG 0.006896547045204006 0.008328290617888973 0.7541093815590343 -0.6566598189769858 -4.851193737042451 0.7291265049767874 -6.3808144240772755
IMG_0996.JPG 0.47374957278134855 0.5857905008373134 -0.5176855544057425 0.4054781106026311 -52.067306302138334 -1.4328598875399274 9.512197331446846
IMG_0991.JPG -0.14255430232553065 -0.15248207804209693 0.7386450591064554 -0.6409609687196768 -23.497939250904622 5.4309018034817536 -36.988121360723575
IMG_0885.JPG 0.10770333771019322 0.13246853507498801 0.7429923460163992 -0.6471587533381732 9.855103974041727 3.8076332749934827 -31.19415704107256
IMG_0814.JPG 0.5800333488391619 0.6190565483466427 -0.39776495990746186 0.3494471932257907 -6.261374506264443 0.5976366463373477 -5.099221512577598
IMG_0766.JPG 0.635930710285992 0.7715263882943145 0.01747405822764839 -0.005815597109404186 -13.217538842001971 -8.426289538232657 43.15122566129432
IMG_0851.JPG 0.5639295386194122 0.6776038366991088 -0.35652230286533015 0.30940000569286513 -38.48734113370209 -7.0476674702520326 36.132551903195974
IMG_0824.JPG 0.0217455702297287 0.012573828669105476 0.7649891305977274 -0.6435531517095672 -4.626619297544216 -3.64173085137945 -5.846320572001834
IMG_0898.JPG 0.6804176773293091 0.7320883691109153 -0.02557051341396095 0.02060468475991921 -2.526359397991406 -1.7133090620979314 21.197416225570514
IMG_0975.JPG 0.6029012809380914 0.7550174777261527 -0.19239651300160582 0.17158739917625182 -8.793826390830795 -5.491559650418278 23.207296613504543
IMG_0736.JPG 0.02058554314542935 0.0030801578231503144 0.7770998048906765 -0.6290331003055922 1.1193021812830857 1.3088368015148502 -6.894612613407568
IMG_1091.JPG 0.16489179437423526 0.20912745890032755 0.7667030243285602 -0.5841599734382504 31.958452823943592 6.997556377551317 -24.38821750105762
IMG_0850.JPG 0.5142939932451361 0.5671241398114211 -0.47807293740229395 0.4304859638579057 -41.877959868348206 -1.708267301372876 17.570162468102534
IMG_0954.JPG 0.6014202049890423 0.7008648517169512 0.28908712230223044 -0.2520135559404113 49.33098147380204 -4.43837704043874 27.868025091584723
IMG_0737.JPG 0.07893139449598968 0.09872488101717289 0.7648072617435117 -0.6317381460822636 2.7850451905422284 1.4305446099393189 -7.248065133624358
IMG_0992.JPG 0.5016754749387853 0.656254484313452 0.39877216045505876 -0.3982869991719975 46.788094490784566 -8.067615607394492 10.865337320125976
IMG_0838.JPG 0.020616720799487696 0.014826847313432144 0.7805568929943605 -0.6245686929563548 -8.997280805772885 7.9389793487571705 -35.13548017124665
IMG_0858.JPG 0.4667434186303602 0.5588749811818066 -0.5236680194895829 0.4422455674601364 -56.11597601084301 -0.8201535830538738 3.269701091530537
IMG_1049.JPG -0.43684743148844046 -0.4937508052449314 0.5738430112063638 -0.48587926732013087 1.4269769269363968 -1.8734313199906525 12.008817659807477
IMG_1015.JPG 0.5849104792024039 0.68629630488402 -0.3242129987462246 0.28594237997494554 -30.379467143983437 -4.591211828544862 27.47597169714498
IMG_1050.JPG 0.5229341215129786 0.6126731884867539 -0.4563951598550056 0.3779879981267233 6.654906226178997 -1.889568841835707 10.154395126063617
IMG_1099.JPG 0.4676717578025 0.5723810308795044 0.5246415753575774 -0.4223911692371835 36.07803461222253 -4.8265870575854555 24.244242179228692
IMG_1062.JPG 0.255963474632035 0.3313539985972988 0.7040337577242124 -0.573605871006044 -16.488516299959446 2.3755130519619074 -9.741005555672057
IMG_1106.JPG 0.573920039370747 0.6865896215831344 -0.35810200455166724 0.266408397538603 -43.75906549370349 -0.9911078565757072 14.807151427278166
IMG_0970.JPG -0.09610121176168304 -0.10920022964209485 0.7424421743947905 -0.6539262073231082 -5.7509233304195915 0.41097757534031665 -4.413615846362503
IMG_1076.JPG -0.3935449903600059 -0.5601411066721529 0.5779671794219106 -0.4442051560818706 -28.087462567043705 2.304966666329908 -11.81900691224566
IMG_1027.JPG 0.6032031266678869 0.7830416509060076 0.10986796993286951 -0.1045025842135502 3.056722191160112 -6.709616645006157 24.842793428182706
IMG_1038.JPG 0.085036004747096 0.09511577203887914 0.7356339906088871 -0.6652552139344324 6.012936465969537 -0.1086550207023634 -3.458137098625473
IMG_0993.JPG 0.3975198574401542 0.7089030630243961 0.49087348353073584 -0.31381146145701844 49.95421080064319 -5.868699662260177 8.6214134595262
IMG_0910.JPG 0.654722498985737 0.6384643707957689 0.30470245068518875 -0.2661918727021449 25.226603487406855 1.2116860775442964 11.760620756860346
IMG_1067.JPG 0.11141780539342712 0.12813094709961598 0.7581892603963555 -0.6295375909795189 -9.732004947073044 1.5188627813011306 -8.766835018476025
IMG_1069.JPG 0.003323908568748771 0.008322854222372764 0.7824029585093901 -0.622708031299721 -12.113922635649214 5.571973256685925 -23.88848706197931
IMG_0959.JPG -0.010953022157357821 -0.033767885800316394 -0.5748102389320703 0.8175163303647547 -4.290653362152859 -0.6947694527006795 -6.2533960733864955
IMG_1026.JPG 0.46280077061041397 0.5829303594385591 -0.5186668637673836 0.42070456046606797 -30.56804083803017 1.5449676816833877 -7.585628937812443
IMG_1041.JPG 0.5512188315566117 0.6040081981479389 0.4309686664287033 -0.38157293518292 1.2368453448405092 0.5028452832631015 -4.559270701995239
IMG_0849.JPG 0.004750951337522585 -0.006316362144557523 0.732257096539561 -0.6809824348675224 -10.164092964013895 3.1190704671503755 -51.22009197638929
IMG_0806.JPG 0.42242439697830614 0.48782652464958476 0.5785021252718924 -0.49891702891535616 0.15724466266391282 -1.6850370191678503 11.376812492923067
IMG_0893.JPG -0.4330522306995042 -0.5251161154580825 0.5426506317105483 -0.4921880968456468 -41.874216323717086 -2.388565111271066 2.492230587108778
IMG_0803.JPG -0.3040694971092191 -0.35402653057635414 0.6822277180707765 -0.5628252813011851 5.462033315762873 0.6682523348491585 -4.05992142351607
IMG_0986.JPG -0.11398018096500523 -0.12472527651421904 0.7393455278282023 -0.65178241325313 -20.502257309829055 4.91296483719973 -38.871786684104364
IMG_0969.JPG 0.003884477779400204 0.002506961245786771 0.7434068037235894 -0.6688235568183668 -4.716647448976882 0.5680487286364596 -6.202554912130159
IMG_1011.JPG 0.2404944168977166 0.2812198912973387 0.723456835359377 -0.5828276036286668 24.843293828522103 5.308529160006139 -22.51060625921825
IMG_0755.JPG 0.6440743650070209 0.763852918865941 0.024766234107559713 -0.0329175383179752 21.377476084970834 -9.028643829032223 49.63165910406025
IMG_0752.JPG 0.585721917075224 0.7715368039405244 -0.18866716679312376 0.16144812230936736 -24.293214294338043 -12.012345284874547 41.95221619829754
IMG_0987.JPG -0.11277669716457556 -0.12583605330184802 0.7602577196687624 -0.6272598376670702 -20.491716410070705 8.063423542098715 -38.364178200430246
IMG_0942.JPG -0.0953347719594499 -0.116462416657326 0.7594097490256567 -0.6329649436158082 -21.401753371140835 2.18670403813044 -12.650241557940397
IMG_0873.JPG 0.5259223422688181 0.6041656864413765 0.44470698920609153 -0.4007807467687956 33.59152699981025 -3.7174134536643266 25.89372846578251
IMG_0922.JPG 0.6388077538562443 0.7332797964869444 0.15971054163869122 -0.16946367329513498 15.60692190042573 -0.39280632825257944 -3.637191340206904
IMG_1004.JPG 0.6251451667404959 0.7680482876796749 0.11902163612380105 -0.07161842240463531 7.549833801946292 -10.184857868921773 49.5925755066194
IMG_1032.JPG 0.6604447693531089 0.7221658408997309 0.1567586412547122 -0.13310121435838854 -0.7473068844729858 -1.274342601572306 11.565275544316282
IMG_0833.JPG 0.13047620550864458 0.12799280301719354 -0.7064386626181285 0.6837676638524058 -16.828597649782164 0.5135477263106145 -17.81416403142756
IMG_0753.JPG 0.5055028831662927 0.5857886809151973 -0.48761384228840027 0.40441463528282473 -39.656546616099476 -3.1641142825884043 20.699775848094134
IMG_0938.JPG -0.06865749696370015 -0.09415763123742399 0.776262638927942 -0.6195456431894786 -18.776942575654427 1.6100832914119225 -7.774476277161597
IMG_0878.JPG -0.08014878531022353 -0.10761562399716838 0.7432625660583921 -0.6554050713728813 3.20410038158257 4.446487904949358 -33.46203993622739
IMG_1014.JPG 0.12700759929543567 0.18033495052821416 0.7801449962485152 -0.5854247690075991 17.731135184946933 8.424125745900783 -28.341782819328728
IMG_0837.JPG 0.6400773104532087 0.6837019602047413 -0.2541270779168097 0.24139613610131563 -9.825255184414003 -1.7475077581411012 25.363871674867816
IMG_0949.JPG 0.24569262668753344 0.29061981599941866 0.7054258722257086 -0.5979545087499905 10.552786461347743 5.17898211082443 -31.467221053742648
IMG_1018.JPG 0.6397034638308108 0.7448383102644723 -0.1335830654888504 0.13472540421104026 -12.379745119863454 -6.1112986351532 38.84880387690513
IMG_0805.JPG 0.27990319117379087 0.35020312995540376 0.7086507564466439 -0.5448174710192105 5.484966311759803 -2.4706144367935656 9.79361195440508
IMG_0968.JPG -0.11324657956986146 -0.134411150508871 0.7390418644965074 -0.650327592337996 -6.0174121240683816 0.3569524812698971 -4.079703624997041
IMG_0891.JPG 0.5351459525210831 0.622363854431698 0.44765858254535223 -0.3548011212929149 40.67332020283289 -0.2863748544495453 10.04836137684644
IMG_0832.JPG -0.01273183817896447 -0.05518574699412726 0.7379108651517341 -0.672517649371602 -11.608809530036474 2.3537558166972707 -21.20147105731727
IMG_0841.JPG -0.13143986575047312 -0.15392056865416895 0.7527667632394505 -0.6263978132135167 -23.85709375341459 5.61678688892246 -28.1258405253331
IMG_1010.JPG 0.568141281455864 0.7061397506689352 0.3351087393714353 -0.2574573161279135 21.6241998176579 -5.156641340417603 24.094171460187123
IMG_0932.JPG 0.2130430732424529 0.22413639183388953 0.7063360649895017 -0.6367612504653866 -8.029083298811342 1.218084148377282 -15.678174123153179
IMG_0905.JPG 0.1656302670437621 0.18488185311776292 0.7296377571843806 -0.637192324434077 5.927588527349449 1.4677159508826414 -9.587070932818142
IMG_1051.JPG 0.5742186774599175 0.7999379996691366 -0.14103741575815695 0.10237457935339025 24.62892485336438 -1.7980776546233461 6.965940289470365
IMG_0934.JPG 0.19808174669424206 0.20541402949443813 0.739019364938686 -0.6102614819559216 -8.555434591399322 2.2408865816257184 -15.252573444580891
IMG_0912.JPG 0.07945396306167019 0.09710681003416494 0.8226454175110351 -0.5545375120286079 -13.944008255149225 3.8335891840455 -9.323386998594732
IMG_0879.JPG -0.18457920473883185 -0.23731752724920352 0.7227549111288057 -0.6222830922317394 -8.29052627245358 4.950534311334196 -32.462219337363756
IMG_1071.JPG 0.08181900984167732 0.12854079580578276 0.7761154767410411 -0.6119049601083243 -4.677563264794887 6.463309562967405 -25.94232435657016
IMG_0935.JPG -0.012834923097791604 0.02134361435637142 0.7817765555376658 -0.623061098197394 -12.186655587579827 0.8441689777629003 -1.212225019865678
IMG_1057.JPG 0.5946183546817433 0.7198650066468422 0.26929981508384776 -0.2360105804338528 7.160134142838687 2.876198118857259 -15.333593596699034
IMG_0734.JPG 0.5321273687084133 0.6391073735443109 0.4337845421373328 -0.3467177520050822 2.710856815310693 -0.3377471846116926 2.0013246957887576
IMG_1029.JPG 0.6168977576845449 0.7746906125724784 0.101646676519749 -0.09465497614149854 2.544243511207609 -5.9186370098737555 25.106318443450885
IMG_0750.JPG 0.5273004638024776 0.6570887277495252 -0.4246256403615372 0.33148407244656064 -34.435435889970876 -5.751386191396557 26.539559051915557
IMG_0988.JPG -0.016321257076597456 -0.002668795375104703 0.751058290091521 -0.6600287410283627 -7.4490356908042505 5.673286820720842 -43.24960742537696
IMG_0772.JPG 0.35726188630053907 0.49174931082888235 0.6125181300598658 -0.5053395890332218 51.22117930819147 -0.9538244186396939 -8.482340301471435
IMG_1059.JPG 0.271671292652252 0.34615881286685146 0.696025815290995 -0.5673771668579662 -16.05788807791235 2.4743564652773724 -10.555467974898551
IMG_0823.JPG -0.03721711742526329 -0.04927657154161397 0.7593151830011187 -0.6477863525358002 -6.236784194636457 0.006778010417252425 -0.7875410521006755
IMG_0817.JPG 0.5820658830061165 0.6706980857077152 0.358443488233844 -0.2878917355727151 2.1770832400820757 -0.23107410542434528 2.111726003938208
IMG_0836.JPG 0.5950438532879049 0.5936464875035891 -0.3793026950055764 0.38682829020179077 -19.846988531848673 -0.30991778058072783 19.003929138754366
IMG_0731.JPG -0.24038674888313255 -0.3435414294363745 0.7154985984954542 -0.5587980429218155 6.114145353209325 0.8014012678506593 -2.16832703614322
IMG_0732.JPG 0.28552968506070014 0.3449409493408637 0.6799252220642874 -0.580680835586805 6.711910837754494 -1.867230522764398 10.626457280895886
IMG_1068.JPG 0.005990482922616801 0.002482881396575529 0.7776554641357923 -0.6286572424732496 -12.02385632945222 1.0082849787927326 -5.245337270492773
IMG_0872.JPG 0.6037597494991239 0.696345049731648 0.2930599899537522 -0.2543493245269019 17.209673697706982 -5.296977412923308 38.536266570882965
IMG_1025.JPG -0.41051150448197615 -0.4893062862132085 0.5909673621212809 -0.49276489309568094 -26.950131245126475 2.939186621740435 -15.844877553971353
IMG_0863.JPG 0.6138940499228791 0.6892693107704144 -0.28408646369879564 0.2594933406514998 -48.30152706688966 -3.759107987773297 30.400396101463247
IMG_0769.JPG -0.42702217873879106 -0.5366497852138589 0.5522910598065072 -0.47395532717008304 -30.995229913563705 1.9430900664662605 -16.57157376967376
IMG_0852.JPG 0.5147942816913885 0.5792713825945944 -0.47570358989391975 0.4160980742647481 -49.77908027226052 -2.2724203041872144 19.730759825700883
IMG_1042.JPG 0.4787495954110915 0.5271894402522789 0.5333062387271523 -0.45656825854947913 -0.2492324898933468 0.5887078346575222 -4.723532271526069
IMG_1016.JPG 0.6418680391489018 0.7462705852211939 -0.12839332307639245 0.12083372270257471 -11.391924574742315 -6.002047407955622 39.12542046573173
IMG_0886.JPG -0.10740131048501121 -0.10475641813370651 0.7553071101144924 -0.6379672568215335 -7.030509084529962 7.133965044921109 -34.33483935562696
IMG_0895.JPG 0.6583295186467284 0.7061097049118148 0.20029920801457485 -0.16700765484387747 15.314883841730742 -1.1844008137811544 25.061687147236874
IMG_1043.JPG 0.6241696216228778 0.7733717147995526 0.09291822703513175 -0.060619116422130484 8.653263289758039 0.2666882870709576 -0.5920803167588702
IMG_0740.JPG 0.6350301996804883 0.7000383259977222 0.25282251930290295 -0.20679400707322004 9.34923351223619 -1.1195320257977024 14.007264147188897
IMG_0762.JPG 0.6557616646420733 0.7544735339136228 0.027207009481927516 -0.002470717465991535 -12.376724596687938 -8.057563845232739 54.00549104686783
IMG_0904.JPG 0.2649610809231269 0.29216995444975247 0.6875593424002818 -0.6096675274204534 8.513952438353192 0.996856971149071 -7.1435221981884975
IMG_0982.JPG -0.03891650666517424 -0.0324638904599372 0.7627753991222103 -0.6446745627207101 -9.450047609963496 5.453762036419322 -31.642048668555965
IMG_0951.JPG 0.6558624799393075 0.7543019722455298 0.027333893279892493 -0.011216075629658725 18.553792874786385 -7.379388138825717 54.33285725618827
IMG_0825.JPG -0.04859795923877878 -0.08642219004996776 0.7525192467893248 -0.6510639190098159 -10.399746896224705 0.5017310212691577 -6.445233492373742
IMG_1090.JPG 0.38158865358893895 0.4412766557939688 0.6112720176732813 -0.5348004608385332 42.02025068916922 -1.0285992556897936 5.509970038181557
IMG_0800.JPG -0.13143777154922973 -0.16310914825428582 0.755905055561984 -0.6202637059684928 6.477396116863649 0.17232543476975093 -0.8260815555206715
IMG_0888.JPG -0.07010008050234719 -0.05495875068831363 0.7130342115916117 -0.6954478611199213 -1.6585467971273165 -0.03729369042039355 -36.48312254163691
IMG_1033.JPG 0.6798716852870631 0.7330659603187353 0.01712081004607052 -0.0097809626450835 -5.490162880524191 -1.0143863051109934 10.22273421470895
IMG_0908.JPG 0.6541952621930364 0.744101805708771 -0.08943172268150824 0.10170068162676821 -14.775186100799035 -0.1147671948216563 -3.4947128114715045
IMG_0818.JPG 0.6313562869948746 0.7286192386949697 0.20133632307816252 -0.17310958634626175 1.10281012309039 -0.4166291130099134 2.7500802342657553
IMG_0760.JPG 0.36643270178859466 0.4321540520629943 0.6463308353502849 -0.5111031222961248 42.51727359072028 8.172787196194655 -32.42955236160531
IMG_0733.JPG 0.3425932674872682 0.4140458385216877 0.6504836694767238 -0.5367186343135162 4.204329089364623 -2.272630809130056 11.720990287136022
IMG_1047.JPG -0.4218885467910361 -0.5104513239913769 0.5765694672756229 -0.4785573626301253 1.4056506231484178 -2.313330921178546 12.000152367062544
IMG_0815.JPG 0.6216875209238246 0.6802615761746326 -0.2922526283947253 0.25561145417286746 -7.453902527419206 0.38599491436859107 -2.8790470519980036
IMG_0871.JPG 0.5711544578574671 0.6161063626119798 0.3965171798582927 -0.37009412491392624 29.572702182153268 -2.0738137889856074 30.471218452818423
IMG_1082.JPG 0.03569839292871709 0.05065910844194433 0.7593094296706698 -0.6477719270602706 34.863329181031794 6.217182043686358 -41.31127767763535
IMG_1089.JPG 0.473802512901212 0.5333126677170618 0.5206015483042084 -0.4691085216922295 37.54877696576984 -2.439575511714193 19.186695977633086
IMG_1088.JPG 0.4058208868134852 0.5012141541498829 0.5934795330446827 -0.4815348620430289 40.51670119707595 -2.616842422464998 11.804085049359692
IMG_0903.JPG 0.09159107282342664 0.09952619374759886 0.734772072026585 -0.6646921199374394 3.7354334391449506 1.3449582420333255 -10.848496316786493
IMG_0923.JPG 0.6429002065425157 0.763536866722185 0.038497408883765884 -0.046997096643233385 15.52718810658475 -0.6972562933367183 2.1163584466191527
IMG_0876.JPG 0.4085910417992354 0.48260094128744274 0.5820178278284438 -0.5112777524201004 33.64426931506152 -1.6721374024491376 7.676557776985341
IMG_1108.JPG 0.4457950208427178 0.5605640428989159 0.5407922247998854 -0.44111055620632506 46.01852729294352 -5.375574850607866 21.191929087906853
IMG_1012.JPG 0.0938144057797776 0.1307778879020621 -0.7665600229499692 0.6216765497579969 -10.99744092610678 6.687531830851176 -31.9226050347753
IMG_1081.JPG 0.10194082070439939 0.1491090179725437 0.7456456912217915 -0.6413946312495551 43.53826483802813 3.3745521578570035 -32.264307789018396
IMG_0808.JPG 0.5542328310806112 0.6671353902420545 0.3800597900934952 -0.32142012381467344 -4.606806600489804 -1.8247964972106965 10.569084609521807
