IMG_0801.JPG -0.30409751279018365 -0.3933653047847506 0.678418260613588 -0.5408669923118418 5.068863491579657 1.0937207162601055 -4.468046429719943
IMG_0964.JPG -0.10628017079820516 -0.12446110117362254 0.7137542356281569 -0.6810057640817869 -2.5758105326005167 -1.7076290490336443 -7.349426312150655
IMG_1037.JPG 0.18888298947453905 0.20388572072823793 0.7113063580845937 -0.645598245132931 6.411786508180386 -0.058047043436321145 -1.3339576296745892
IMG_0835.JPG 0.6109923561780092 0.7312380618092233 -0.2211200496949992 0.2075696540355038 -7.358249514609833 -4.701619709134936 25.830340770140563
IMG_0994.JPG 0.35094382752315945 0.7024009772165695 0.56345976518171 -0.25687426914733075 47.79798625724624 -0.25451382296612307 6.520855991597184
IMG_0894.JPG 0.6885176477173416 0.7210236020209433 0.06485285054266508 -0.043156944829437896 4.8666504966390995 -0.9372283466506218 28.364219173323722
IMG_1063.JPG 0.2541105517082134 0.3309090190643851 0.7035573344856829 -0.57526874215778 -16.52860353111835 2.3865250227148835 -9.67121722240941
IMG_0811.JPG 0.5636965492901473 0.6023158061724794 0.4259375383903994 -0.37153611310760043 -2.6563817276129154 -1.1222154854529358 11.272609464051648
IMG_1001.JPG 0.4984730792041957 0.5913434548601992 -0.4973058232141874 0.3930959499917939 -51.30360674776935 -0.9946072218486081 12.810835947852931
IMG_1107.JPG 0.5156275296289994 0.6332359244265108 0.4556980278985023 -0.3542313115378351 36.906428516862945 -7.011521518260581 34.388273424829286
IMG_0773.JPG 0.17395714335362303 0.24846197643067458 0.7334165277691067 -0.6083631771725803 23.166789535593296 3.336917301940986 -22.40930217265159
IMG_0763.JPG 0.5809215431168053 0.6988893897140624 0.3183351471297712 -0.2697156202183392 31.171318601349917 -8.378799930792573 45.255018492630136
IMG_0735.JPG 0.37230465642804866 0.47534369586176345 0.6259573887727515 -0.49357366324315793 3.6257700400888497 0.08883308669946907 -0.03377278662590394
IMG_1094.JPG 0.0669972093901906 0.06719854230472636 0.773119500909635 -0.627121971516932 21.730670423277033 7.2544666996951 -34.19248649598671
IMG_0995.JPG 0.23028004977225078 0.6154392071224577 0.6519818865906819 -0.3783190460061801 46.292262864890866 3.334660220844299 -13.291216204141618
IMG_0924.JPG 0.6223385963401624 0.7491958342480997 0.16724078447712237 -0.15307120388279374 15.818194505807028 0.3070775073816172 -3.335627353111055
IMG_0887.JPG -0.22108175445833053 -0.24286642146364096 0.6950436845852387 -0.6395725413815446 -28.060697139052973 3.25237981101845 -38.634409261863006
IMG_0741.JPG 0.24231721859341188 0.2703527634161217 0.7001509379135674 -0.6148011166427486 17.730971493076765 2.3679501247808226 -17.353583759367268
IMG_0983.JPG -0.15942223403621084 -0.17787066657766204 0.7367401224182569 -0.6325824604628667 -20.36508167036615 4.030984177274734 -25.943063328518782
IMG_0749.JPG -0.3148372122489242 -0.35836032299903947 0.6602270240088176 -0.5801341960717454 -41.649379351531515 1.6941917993681896 -14.808359755595667
IMG_1056.JPG 0.6354857923707703 0.7573754267556029 0.10715814162691514 -0.10515418833659505 13.85088121039901 2.032020926440896 -13.73146404688545
IMG_0761.JPG 0.5950349223746865 0.7094620227126934 -0.27125241892996776 0.26271506372419035 -38.81322804073926 -4.757373546379021 18.68163645719204
IMG_0957.JPG -0.31773610383744183 -0.35796471362708554 0.670271323372119 -0.5671343625465389 -56.10274330041914 3.3358524750733363 -14.140285991117205
IMG_0921.JPG 0.6374508020513179 0.7683228044945228 0.031766370370511304 -0.048243556785198566 15.49318835004686 -0.9727852119845021 2.290843429245687
IMG_0862.JPG 0.5677495185509396 0.6321023091168717 -0.3867349829039032 0.35852922892368516 -55.63841461340204 -2.0648575492610246 13.629449469217287
IMG_1054.JPG 0.5850451014128253 0.7023899892395782 0.3156649088581568 -0.2544134384116805 5.492789218415189 3.1874189923174434 -15.947452197831776
IMG_1100.JPG 0.4684201722753612 0.5725833377649798 -0.5256680664216548 0.42000469933555906 -44.05736856680479 1.5746818230777573 -5.173249037019316
IMG_1111.JPG -0.41944068742276003 -0.4174649594492839 0.6081581242550398 -0.5290899859843519 -35.05360323603289 1.5793826579983714 4.753095603610384
IMG_0827.JPG -0.14877699308649486 -0.17978603503916737 0.6925590764746731 -0.6825718376299917 -14.159257918535554 -0.3559893486494886 -9.79135609157807
IMG_1093.JPG 0.1534413603018188 0.1945340790629077 0.7515360902079636 -0.6113965539212669 31.00397210709654 5.247659761043657 -26.00357222071324
IMG_0929.JPG -0.3172674560981175 -0.4105001776178445 0.6663744767335691 -0.5355147264406543 -9.123896384264535 -3.988643286270549 17.206154408503146
IMG_0943.JPG 0.07689960240464111 0.07452791550047537 0.7609941559772289 -0.6398593091685602 -14.220295833019847 -1.6182586159446302 6.338877047486803
IMG_0941.JPG -0.015816742530174302 -0.008155923650971503 0.7674919271320385 -0.640811558379125 -17.291056842369713 3.386981254130557 -17.734409209438606
IMG_1009.JPG 0.6195555051745378 0.7399461263310271 0.20499809166544375 -0.16311495501380863 11.888904216348836 -5.39632641199033 29.961850485246554
IMG_0984.JPG 0.006155764649915013 0.0193788755323122 0.7543578283247395 -0.6561484836451732 -4.733468432554425 6.111045141875985 -43.58352531169639
IMG_1098.JPG 0.14897302909745347 0.16491612538537642 0.7691680449596753 -0.5991579314357057 27.88740167125311 8.359677502704429 -31.119073903272614
IMG_0989.JPG -0.021678699290221693 -0.01287332983549344 0.7513071893583294 -0.6594708625819018 -8.507515282044896 5.6719709636173254 -42.963404807500375
IMG_1066.JPG -0.05037746642970131 -0.06134288243325285 0.7637693823719888 -0.6405899563699194 -12.802356962652121 0.47489123377099784 -2.967166162760093
IMG_1058.JPG 0.5948396261020606 0.7211027418308135 0.26775930934816305 -0.23341295422542108 7.373993296704832 2.6702885181708647 -15.286339465244556
IMG_1046.JPG 0.12737324792080137 0.15984184925728964 0.739529702438263 -0.6413442586877119 -8.681027359162748 0.7880098330124373 -4.58744932222394
IMG_0847.JPG 0.35741678103182256 0.43551238127138137 0.6548900163226326 -0.5036876779484721 4.239907563511611 -3.8012884675401386 14.604606573903274
IMG_0813.JPG 0.5797024987354388 0.7213193759856916 -0.29523644545506117 0.2376527131394923 -7.582514274181816 0.5526193352361305 -2.714126258920778
IMG_1114.JPG 0.4645990406671307 0.4468967777939295 -0.5297406037129303 0.5511858980293709 -53.196137341307136 -0.49025797984544767 2.594797818824991
IMG_1055.JPG 0.6370128142657661 0.7576148394268182 0.10224779941029527 -0.09889295757149208 14.071160359749582 2.0168580525931623 -13.513273251830752
IMG_0933.JPG 0.29465194686857304 0.3676903480821566 0.6791099601986403 -0.5628442947146076 -2.0469268190730943 3.3566388252798194 -17.267938594148905
IMG_0802.JPG -0.1719575166101422 -0.16504795790891483 0.7337667971276949 -0.6362201439001544 6.553304125552099 -0.11087300251762221 -1.1111394087902808
IMG_0804.JPG 0.3775474515724798 0.49079646521862713 0.6219129346419613 -0.4793756911494897 0.8090173242719011 -2.9653954046937177 11.045026483660065
IMG_0976.JPG 0.6227914993785342 0.7763807284124346 -0.0637023682926821 0.07284038114616817 -0.40135022812490073 -5.553754241140589 24.50887296166785
IMG_0950.JPG 0.11688829561610041 0.13085464170769295 0.7580272598019381 -0.6281790051320398 -3.460202571782306 6.060866830119219 -32.85615736628768
IMG_1040.JPG 0.45636740599206654 0.5372682059343107 0.5480365151452016 -0.4502528664069819 28.905579196633497 1.3744278873656341 -4.701938209540942
IMG_0907.JPG 0.4272733024313198 0.4842748229290946 0.573896907668581 -0.5035451918893362 27.776043445584865 1.2831138333630616 -9.990917719829016
IMG_0861.JPG 0.5361893256829123 0.6396633411693688 -0.4239563547799268 0.3515577139382094 -51.496930306175614 -3.57151401699827 21.802744834551664
IMG_0739.JPG 0.4420853133169085 0.530866578969779 0.5592963907526554 -0.4581798755657733 17.847984599896602 0.024764215940025588 0.03300510612628958
IMG_0966.JPG -0.06549540117834696 -0.08231446128778974 0.7244297087038681 -0.6812754795489246 -7.2509760957722005 2.8530415009599865 -9.398308881196412
IMG_0870.JPG 0.6374067345983155 0.6636961592779635 0.2843953225433893 -0.2689597801974024 17.55360777834268 -1.322604238147467 38.66015912528754
IMG_0925.JPG 0.622267858812795 0.7491542047365866 0.16742947228020555 -0.15335599507682313 15.817579853440671 0.304778587708138 -3.3466451999736213
IMG_1065.JPG 0.0076966464737613744 0.024281070248412046 0.7743225198888005 -0.632278282446668 -11.928502081644954 1.2736080123191913 -5.4733138371107195
IMG_1022.JPG 0.502167283153308 0.6125390427992563 -0.46029625142967767 0.4009380272520711 -28.445233557416028 -2.4301120519198767 9.041164841257803
IMG_0828.JPG -0.04044934665828066 -0.05967445882297016 0.7146598441512866 -0.6957471641888041 -10.376328893021459 0.2836091508987629 -13.752188434734514
IMG_0918.JPG 0.5935292947805746 0.7282011887246554 0.2753209391489221 -0.20406956030586312 20.565102514778978 1.0049705669382567 -2.7699215510164636
IMG_0931.JPG 0.3432342393769702 0.3890584859496827 0.6299477330784152 -0.5779183376734289 -0.23492177087746152 1.4638121791872687 -17.76989091101466
IMG_0974.JPG -0.2779125013047458 -0.34657095008736283 0.6988243225396735 -0.5606226756036978 -16.917820446320686 1.6860838595871088 -7.219385119844547
IMG_0998.JPG 0.5663754092661817 0.7135151854383276 -0.31554111416336106 0.26561020537626256 -37.76648552983372 -8.796933946448956 35.34195876043711
IMG_0937.JPG -0.000799460802933479 0.03290115764916265 0.7747078399193372 -0.631462300897911 -12.120109959812806 0.8505231667866304 -1.7117525833262135
IMG_0944.JPG -0.016248448510381357 -0.043222908625255275 0.7691761214148933 -0.6373663486066077 -19.343253288278138 4.070571020686694 -23.93084958198848
IMG_0946.JPG -0.07497822224317717 -0.10193459451241711 0.7670014608729484 -0.6290440077209258 -22.538996724919016 3.951431305602513 -20.20734476285085
IMG_1085.JPG 0.14478720251633168 0.20989094246356307 0.7494105659551401 -0.6110370380705648 34.865966679481765 2.2197400700682923 -16.959094414398738
IMG_0809.JPG 0.511234903552415 0.589997640706385 0.4802098435735086 -0.3999251973629051 -0.9356669992183844 -1.8426629907263294 11.420573981953646
IMG_0961.JPG 0.0008313152400712422 -0.010547351264648968 -0.592512323791628 0.8054919046466679 -0.39774234714149437 -2.1130058959093914 3.1059144978044664
IMG_1036.JPG 0.11032756904042287 0.08580758017714785 0.7586285732188522 -0.6363549124424993 5.807549691345028 0.002685011016557789 -3.372447037124407
IMG_0807.JPG 0.32381046376378503 0.3668837011480183 0.6684683580763507 -0.5600831970696147 4.5556626284617465 -1.6405490401029443 10.486353269753833
IMG_0810.JPG 0.5923538624770719 0.6723779166156053 0.33056357337334463 -0.29623059061278234 -5.957469275446487 -1.1289051977799685 10.068549125049023
IMG_1061.JPG 0.1275474400071217 0.1617682605712897 0.7641448657058221 -0.6112653307973557 -19.1594661012772 0.44125596410059403 -1.8453503985998705
IMG_0962.JPG 0.11965054741998536 0.09428000211901896 -0.5743910177175476 0.8042822803393944 0.28525736846422134 -2.2391922130437294 3.015047763803926
IMG_0831.JPG -0.05743638506419394 -0.09859121763899792 0.761581637250137 -0.6379453293806762 -13.723341483968678 3.4617872288184617 -18.9528275573116
IMG_0843.JPG -0.43921348324621856 -0.5173592792593417 0.5598004796182054 -0.4754516960935202 -44.1464702335748 -1.1050744649356012 6.688422250989581
IMG_0845.JPG -0.4226060866274124 -0.5039836657418474 0.5744029044213204 -0.4873046927777582 -44.42654081428765 -0.8697954357023762 3.686873699904619
IMG_1023.JPG -0.43243120068119 -0.5369679371443208 0.5508133606770756 -0.4703969949479086 -29.021472232784397 1.5582281526013335 -12.351484313839157
IMG_0747.JPG 0.5507730131113227 0.695795752212425 0.36690147561271547 -0.2791069085935222 25.495095080483576 -4.170532795558246 18.241051755093434
IMG_1053.JPG 0.6677134092206252 0.6761087842274965 0.18154251987759196 -0.25313638322825444 18.958605535300176 -2.70861407407917 -14.252864951876806
IMG_0819.JPG 0.5633457238530756 0.665322390373576 0.38051475429940673 -0.3085388695845434 2.536001443662435 -0.25793294986425097 1.6440915396326146
IMG_1086.JPG 0.027897149577578512 0.03779375400850918 0.78768786059085 -0.614281055772681 24.931551478922813 7.1499916025159616 -29.017656246259527
IMG_1103.JPG 0.2645392664577163 0.3192303927863153 0.7226031719485692 -0.5531325236445367 39.98366348910171 4.111010380517286 -11.281570600049523
IMG_0917.JPG 0.6022101827804366 0.7960153022849216 0.03599032956926845 -0.04906353494493507 16.67329765895541 -2.8347216532928834 8.001634407167158
IMG_0963.JPG 0.029499124143633995 0.026205825214837535 0.7291277286076321 -0.68323920538494 -0.3958612277386934 -1.144374545729515 -7.817884549519334
IMG_0860.JPG 0.4827824753314011 0.5607786974979239 -0.5123222675512162 0.4358603309738086 -55.8550345226944 -0.41984836787447916 5.416400036065942
IMG_0829.JPG -0.17242464466836355 -0.20856745944208172 0.6986919064318218 -0.6622680549894666 -14.731978326400066 0.14791494264125482 -8.550319104660854
IMG_0758.JPG 0.4260340236417502 0.4907652064750704 0.5895320394997091 -0.47968374708386324 52.31407868972255 5.684108001708937 -22.533313757085427
IMG_1030.JPG 0.5681054827211618 0.7382688388850772 0.2847606041272047 -0.22611209691333176 14.18225040989378 -5.8030305080805915 21.264921342204577
IMG_0765.JPG 0.16574144640811198 0.1796831079315116 0.7298139210308443 -0.6384476441621539 27.23726100431311 3.194207196930143 -21.455062565958972
IMG_0909.JPG 0.4672170510558765 0.523972345559235 0.5355914825719835 -0.46936443419601925 28.892447340033055 0.8332919326742682 -5.720586384579041
IMG_0927.JPG -0.37664246863450185 -0.518850472966882 0.598649696722866 -0.48015953404735373 -3.336511949230684 -5.044576490908755 18.85441185697332
IMG_0820.JPG 0.043083820416289 0.023289647295012914 0.7631696839562111 -0.6443395147260402 -6.229070148972368 0.0967261508765379 -2.129850607529164
IMG_0971.JPG -0.15344174122569096 -0.20883141404791533 0.7594327492740768 -0.5967469915185106 -12.86207520564363 2.9895409755313156 -13.043080991221569
IMG_0911.JPG 0.6531812550115424 0.708897867949439 -0.13868972963330672 0.22711939550053012 -1.3102570955912607 -1.4290272626355263 31.749706102946128
IMG_0977.JPG 0.5623388078251811 0.6986583194959836 -0.3491215837715265 0.2715984859266777 -17.66691650279332 -4.000387680241836 18.488690942132415
IMG_1005.JPG 0.6469253826688539 0.7617715899416695 -0.018192038294006802 0.02933673054736402 -9.838635835337666 -8.253495814752903 49.50567260513726
IMG_1092.JPG 0.06270008711446011 0.042779705938001886 0.7943875004335713 -0.6026500601431976 22.425319627625033 10.344479119047199 -33.77143313020062
IMG_0853.JPG 0.5551147683651256 0.6681847912975447 -0.3768752691783504 0.32146805456115934 -40.11043824571348 -6.61171302879385 34.21276340057018
IMG_1007.JPG 0.5953740069075427 0.7295483559014143 0.2713525161923145 -0.1991401522960668 16.464539826061607 -5.511989132578673 27.69186876945869
IMG_1109.JPG 0.545185376941638 0.6821585070167523 0.38034967898365557 -0.3045764235306307 28.840936167984584 -9.371015542767438 40.74077718197077
IMG_0953.JPG 0.6591964794755635 0.7354701479760806 0.11662820961805023 -0.10460173805608809 30.859238934240043 -5.107694323754964 47.14506127757462
IMG_0940.JPG -0.09496614306610672 -0.12039329822659099 0.7638456269470904 -0.6269184505237321 -21.534001591138786 2.31198310462446 -12.527482293993408
IMG_0874.JPG 0.43723533920688307 0.5023593924015443 0.5565419696981019 -0.4967105142627337 32.67093946033122 -1.6996252761467203 10.555361816588286
IMG_1112.JPG -0.41689315516577724 -0.5090320091285163 -0.5841819434072731 0.47520308064596084 50.260121379914125 4.254771919583512 -19.590371878960745
IMG_0979.JPG 0.5856001324343819 0.7668567035667314 -0.20684105797863772 0.16192608752723966 -8.856641303202284 -6.451911198096695 22.992412087843565
IMG_1097.JPG -0.2893463895526667 -0.34220593956411777 0.6977110304328644 -0.5589034619611751 -28.269699117384565 2.0276107176498495 -6.847682625654762
IMG_0901.JPG 0.6634165250954572 0.7211284437416708 0.15156164544475853 -0.12992824745628895 7.56266793234123 -1.5629533932537645 20.41421273558947
IMG_1084.JPG 0.11768411128926977 0.1489031511449671 0.7664434268701926 -0.6136308132229251 32.32027852414618 4.602224077847672 -21.07203559012189
IMG_1003.JPG 0.6221754516154003 0.7814899002873835 -0.018412577151501644 0.04280444087507239 -10.762499674957507 -11.513688310499925 48.677305045935825
IMG_1035.JPG 0.18334484600563697 0.1858550262782388 0.752290343965527 -0.6048981856697158 5.8509686690766225 0.6260338199774517 -1.7323608573186466
IMG_1028.JPG 0.5664212743883377 0.7445711965222817 0.2790301818833501 -0.2166167833474878 13.678687045354176 -6.127166753007883 21.56143534745384
IMG_0881.JPG -0.17314235734466363 -0.2108517453860694 0.7247637607803887 -0.6326774506968362 -6.3483357848591 4.576818209575469 -32.863496093279714
IMG_0930.JPG 0.3423822155915235 0.3893408616052775 0.6295922044211679 -0.5786205734876637 -0.2682093858308421 1.4649654279430904 -17.727359828165813
IMG_0884.JPG 0.2058203334837269 0.25253648839318965 0.7125869846845979 -0.6213558574704162 19.211748778455586 3.3715209638467867 -26.397347228069656
IMG_1080.JPG 0.7062270138491415 0.7009327851189575 0.050457704393029774 -0.08596892300412463 -14.295623589636241 0.11937592107120125 3.694430063916046
IMG_0812.JPG 0.5155513399114715 0.6574581518930074 -0.42930857262420624 0.34300108439519894 -6.167117298085146 1.2198742458879355 -5.369371398768308
IMG_0920.JPG 0.6284126153396371 0.7537534447907359 0.15411292345571828 -0.11490228967270322 20.744846395062513 -0.3004520789973408 3.911817715819713
IMG_0883.JPG -0.4351714254479928 -0.5095293275557662 0.5562014409608209 -0.4915746656482989 -43.8814888102963 -3.203315034886246 13.349812636916775
IMG_0902.JPG 0.17424236824030806 0.1901874181887715 0.7145019924470944 -0.6503500948426408 6.089015754809741 1.121399909429742 -9.49609684052443
IMG_0958.JPG -0.40687899514342674 -0.48882011846772205 0.5964514434296405 -0.4896427786897055 -57.38631300327002 -1.0491842857829292 7.248108435095872
IMG_0857.JPG 0.5271364726480875 0.6249712921992787 -0.4397862990010837 0.3716531102275695 -49.928689780537816 -4.534757172629978 26.360080170486604
IMG_1070.JPG -0.11765030526929075 -0.13218182204758333 0.7652671363393416 -0.6189124183834146 -19.97465812427451 4.099243700859119 -17.92503759203455
IMG_0939.JPG -0.00646295721389214 0.00018639158864031192 0.7718580238514193 -0.6357620517602551 -16.922182884666118 3.659773341130904 -18.156359263264946
IMG_1017.JPG 0.5972627096377855 0.6653704756958103 -0.33085370076939696 0.30181983771060417 -31.237654376798304 -3.0320725840171296 26.827231305682776
IMG_0771.JPG 0.37275439577309716 0.4556306614932569 0.6303013650925212 -0.5061373824383594 34.645460660384636 -0.4458883074822723 3.4992675038749437
IMG_1083.JPG 0.20735959266339915 0.2564567361786807 0.7368476777203405 -0.5901588274669695 37.056169465244714 2.5240863215940856 -11.112416433961005
IMG_0770.JPG -0.013848201608015387 -0.015157380938823907 0.7699185543354281 -0.6378118067309061 13.264782034778529 6.214589912013443 -32.56903579745394
IMG_0880.JPG -0.06648486098484324 -0.07494826162030356 0.7463102210330227 -0.6580148746962801 5.84710559582641 4.327940285039111 -33.395028384484746
IMG_0774.JPG 0.6004831281263278 0.7284157619980055 -0.2516290811090718 0.2133384542193228 -35.88290464274745 -4.169889904487196 20.655892330127006
IMG_0844.JPG -0.2965755227251779 -0.3369788216662633 0.6622032017321245 -0.5999792935463915 -41.1685710596119 1.1843761997462412 -18.138845521652925
IMG_0913.JPG 0.11215312625933466 0.10940181107136332 0.789134535668515 -0.5939020160092071 -12.950749329088453 2.384147351652036 -9.584617972280256
IMG_1013.JPG 0.22394357873085977 0.31808344055163473 0.7278873929646235 -0.5646699403680114 26.695628474262946 5.112685509344176 -21.032086106581914
IMG_0840.JPG -0.36644219164934094 -0.390388741971554 0.6347452261774973 -0.5571492153507647 -44.82285466831363 1.5405475526092416 -3.8011119226341585
IMG_1031.JPG 0.6797055606579868 0.7332899053420543 -0.012462583004988577 0.01144331940032571 -6.294352221542821 -0.8835059025358489 10.088567969148787
IMG_0973.JPG -0.15653915981323147 -0.17852683617577492 0.7515951070865964 -0.6154091770631336 -12.253971704762332 2.889598467867562 -13.650692379267603
IMG_0859.JPG 0.5118107124167971 0.6120576779852263 -0.45572152058078164 0.3946556589665011 -53.98633923223733 -3.3160482769379183 15.017741228923853
IMG_0757.JPG 0.5625243706079104 0.6669423958445213 0.3830222674029676 -0.30339432389356613 54.6386023337822 -1.6360291809698124 16.39394617191482
IMG_0738.JPG 0.18150352843222534 0.20410591595761682 0.7271348454084635 -0.6298191493044377 10.56119489749553 2.361553508373586 -15.052732281846263
IMG_0839.JPG -0.1405457035483454 -0.1694452444725786 0.7475660173492277 -0.6266420541619784 -28.109476366026982 5.958050177668954 -34.32843719638134
IMG_0764.JPG 0.3377962935350532 0.3756832965671898 0.6494218143945859 -0.5683370758122623 42.37243926861773 1.497771663657548 -6.965256848777635
IMG_0965.JPG 0.04874594048778314 0.026773555572872497 0.7321271786715905 -0.6788938092649875 -0.21706665520934026 -1.2240835361933826 -7.864026593867584
IMG_0948.JPG 0.1213164401887418 0.1203296457753586 0.7657339304666904 -0.6200440673206559 -3.8503347030240858 6.577593147066178 -32.730587530210045
IMG_0906.JPG 0.47318619242807175 0.536477456029714 0.5305384020867662 -0.45477001921688975 29.070418439802957 0.8923542017751719 -4.549026062827411
IMG_0867.JPG 0.638670622040539 0.7671005619920045 -0.03706937055026491 0.04777474333692556 -19.593028567436505 -7.469337213996562 38.99641539745663
IMG_1072.JPG -0.027758119554500305 -0.031195980968687535 0.7891634932260699 -0.6127620080662848 -14.333421762741695 5.755121399300375 -22.32556941646607
IMG_0955.JPG -0.28553982545726164 -0.3332943294657676 0.6827871799565124 -0.5841092063226151 -54.72371086137524 2.896359290922139 -19.333457222286594
IMG_0892.JPG 0.5672695018483009 0.6575344956572208 0.3713872714676928 -0.3285197009090431 36.245624185203994 -3.162493796995757 19.795502003416093
IMG_1104.JPG 0.18998179554587624 0.2324142609686073 0.7513468152791888 -0.5876806035844651 35.965584177881425 5.471649487508895 -20.568910886367618
IMG_1102.JPG -0.43270555301015967 -0.5277281740449933 0.5788238454925508 -0.4463539342299172 -42.54369123808474 4.036803813814583 -11.897396526885933
IMG_1095.JPG 0.5204088703076156 0.8269435914616149 -0.10833037001052692 0.18331239777794534 1.7549905705755369 -9.446704870543433 23.16393612674359
IMG_1075.JPG -0.3441471986472801 -0.47466770692916915 0.639822506735105 -0.4968706406470822 -24.397448878040112 4.28736157654895 -18.300758253303897
IMG_0746.JPG 0.2789052416089171 0.3576291626372352 0.6966134743893375 -0.5559162846451593 26.66041280597798 4.216551441511305 -18.465345314390085
IMG_1019.JPG -0.3229321326849977 -0.41281710680213524 0.650918626906067 -0.5491828613110151 -27.679782779852257 1.3751190436571836 -12.326053483111462
IMG_0846.JPG 0.4387220934272123 0.6600790963216993 0.528578595884567 -0.3040118078474474 -3.979753005862436 -5.933668838072889 14.084263807608002
IMG_1105.JPG 0.40350989570380846 0.4023406594490208 0.6082301179856293 -0.5525919664620693 41.74051789595939 1.6031567463233058 3.3045722948368548
IMG_0985.JPG 0.00338695253096488 0.011194210179213777 0.7560027114640977 -0.6544639932570391 -5.570118386175757 6.305884247734806 -43.44272948636188
IMG_0972.JPG -0.2889949600216715 -0.37952534816507594 0.6888978011244958 -0.5457675721294605 -17.285737788588854 1.1122175860404442 -6.180200679910327
IMG_0956.JPG -0.38857929329044244 -0.4817887902602816 0.6055201031362849 -0.5002310457211323 -57.65303940025246 -1.412796442072612 4.510277791408291
IMG_0821.JPG -0.08182289394546746 -0.11184571467938645 0.7545934122913633 -0.6413924947025204 -6.2877011090674015 -0.22580044335346025 0.20647260816805102
IMG_0947.JPG 0.23050959792873135 0.26624866322563356 0.7350446833426472 -0.5793844044181775 8.552442839293992 7.417442012450229 -31.593328154224935
IMG_0756.JPG 0.6356239440994514 0.7704863758952911 0.033094094547726785 -0.035181346666432495 19.524794888836265 -10.284810823810092 52.308610520686614
IMG_0914.JPG -0.19695509417927196 -0.20668424663431628 -0.6378863549833154 0.7152561158047783 -11.643161297634801 -1.7827120138087613 -12.987576774872098
IMG_0865.JPG 0.6033175323335119 0.7483279424645467 -0.2121549916704555 0.17607812247717913 -39.76331715841533 -8.797776825370816 39.85463558882441
IMG_0855.JPG 0.37339056206964505 0.500479902420015 0.6136176816658402 -0.48329359211353845 50.14069062581614 1.580583160481385 -10.759644982386876
IMG_0890.JPG 0.5756447336395576 0.7191751114812565 0.3077637443655545 -0.23812134997319692 30.45111202801221 -5.777277934207622 27.221507174120408
IMG_1020.JPG 0.4320255546803773 0.5490624432790358 -0.5449792312731185 0.46355365489286005 -30.143218206404754 -1.2599653864724742 0.5732232738674696
IMG_0759.JPG 0.21533808090183276 0.2549289964516696 0.7355374307860152 -0.5895976641697024 23.59451965130649 11.487078853996527 -51.12147363173803
IMG_0899.JPG 0.6739214669875495 0.7083357196554715 0.16217167171771021 -0.13338183341744134 7.899376666080894 -0.8431005521008655 20.13203801392838
IMG_0748.JPG 0.015738489280520535 0.021446398330439927 0.7885135932656594 -0.6144417508512083 -8.287488826740663 10.517829815994546 -41.90510710921562
IMG_0916.JPG 0.4844917469106964 0.5800272214794178 0.5161572961098104 -0.4030109368130077 11.778476534448357 3.0422745639602167 -10.735814686395937
IMG_0754.JPG 0.6147700582291792 0.788452925382505 0.01246900171612223 -0.01562958594673645 16.459727292458766 -13.375679798564011 52.681457874249794
IMG_0834.JPG 0.5708436665082802 0.6758766337584869 -0.3488620780987616 0.3092305528425229 -16.4561807333764 -3.872604398568492 21.80181747219059
IMG_0936.JPG 0.6043746238501557 0.7836316061074546 0.11768400901447917 -0.08248208276779856 17.302311978649314 -3.920504887314643 15.361357802426987
IMG_0945.JPG 0.0038683300175287793 0.001360448671022378 0.7650509829958676 -0.6439566589603255 -16.93036034981215 4.543935987890524 -25.50876581806525
IMG_0877.JPG 0.27667088098396736 0.3317657427084854 0.6807235144607664 -0.591608157855202 33.754930863761594 0.7569433382380982 -8.479592721244618
IMG_0980.JPG -0.011090344243517848 -0.027561996953516073 0.7885237038395125 -0.6142863412706749 -8.07884658054799 7.801897212088658 -31.50194735125797
IMG_0999.JPG 0.49360872856585275 0.5821636942142903 -0.5032637475560466 0.40516842993774427 -51.55144593782218 -0.8988778888720659 11.201499321312921
IMG_1044.JPG 0.12259486346035152 0.14508374379347636 0.7652856740595146 -0.615027677279064 -8.868769373421824 0.8516186885448758 -4.326583030429522
IMG_0816.JPG 0.6235187171098459 0.7293580981056011 0.22094377648913086 -0.1744850187614758 0.8874243311816794 -0.4475076606201351 2.989438002057272
IMG_1002.JPG 0.577803933543794 0.7302638498100085 -0.28596416956036147 0.22601287080526644 -33.65619370237425 -9.229744358601387 39.06949796305101
IMG_1064.JPG 0.12366041575978831 0.1662492110711516 0.7668891964986766 -0.6074127605557446 -19.12654316425152 0.592784906879819 -1.8268268957528944
IMG_0854.JPG -0.42485563388209713 -0.5522774576284223 0.5623260272470046 -0.4452827632355975 -56.41602464239558 -2.4311538383464373 6.228075861964661
IMG_0882.JPG 0.17181556986939356 0.20301802153543905 0.7494318548615582 -0.6063126155714195 15.585737879247533 6.20163605980512 -28.21010358006822
IMG_0900.JPG 0.695800809936871 0.7178721653134915 -0.004238546630166498 0.022423690190884665 -1.807037509281964 -0.7271525277925223 21.601113383186892
IMG_1006.JPG 0.6378083404196567 0.7622229943829675 0.09162589347107623 -0.06181685345125428 4.800990234123537 -8.95888703135317 50.10326203994476
IMG_0768.JPG 0.5191812905234674 0.5927607088178628 0.4621326585990788 -0.4068401842348892 41.50115497266122 -3.4200465123019814 24.845093211411776
IMG_1052.JPG 0.6030429084855551 0.7789754207449603 0.12750892546482365 -0.11523028389837259 13.214531237636015 3.2494325609473362 -14.156126544012798
IMG_0767.JPG 0.6102404292464778 0.7427247551845932 0.20552847439062394 -0.18364259517803444 10.764026203313884 -8.470935345546076 43.84776610735036
IMG_1101.JPG -0.4091046558086896 -0.48634789284798646 0.6080921068438118 -0.4757342717444608 -40.83349469717939 5.124293530527504 -16.969327173025675
IMG_0926.JPG -0.271075541077383 -0.32380311216022684 0.6955663565822612 -0.5812547110999058 -12.451995780883971 -3.046945255816664 14.919798583859375
IMG_0743.JPG 0.6082080717763104 0.7225425584241518 0.25953437820225567 -0.20163605635697207 13.866892002620505 -2.9832554894100913 18.86000810157669
IMG_0915.JPG -0.05923697143012158 0.012665584110407092 -0.6801680050363981 0.7305491421661762 -16.36978837167016 -3.0634929270948033 -5.7450277865544574
IMG_0751.JPG -0.011551752601473599 -0.02452295776858979 0.8031793137161827 -0.5951203000843746 -13.320897040948875 14.546876167839562 -48.50668973114339
IMG_0742.JPG 0.48010985390131106 0.5442388219224807 0.5268736735471766 -0.442383052367736 24.146050365637464 0.19799383801728518 2.2018344904291367
IMG_0952.JPG 0.5191283887093058 0.6590454539578504 -0.4010368397752552 0.36787804881053404 -46.74087527772836 -10.424663341490042 37.013001109010915
IMG_1096.JPG 0.14519451898377964 0.16156349610214912 0.7697426657244456 -0.6002599578080668 27.51679882494993 8.343699173385636 -31.347583234192204
IMG_0868.JPG 0.19220489083791617 0.19041099701839972 0.715851934486057 -0.6437056315156896 28.37410464285141 2.8129711792896868 -19.85631755812214
IMG_0897.JPG 0.6527184439947987 0.6969717913936714 0.22457427660804533 -0.19430735744299107 17.128574697744902 -1.0602666777771188 24.13457976678609
IMG_1110.JPG 0.43888649206715036 0.5666589922343078 0.5546103415487476 -0.4227098326845158 46.03687596049526 -5.399695682829689 20.88950455302577
IMG_0830.JPG 0.016061526116915994 -0.0052030013330762815 0.7634356821916959 -0.6456631593272327 -9.48030905463381 3.4721807412416705 -22.24938424619022
IMG_1078.JPG -0.4228230962771443 -0.5411631363923111 0.5576347314616246 -0.46626880158591827 -28.225671279939085 1.6028150167597515 -12.101507136058924
IMG_1039.JPG 0.5277031396289591 0.6190783858832793 0.45248755508929306 -0.36541259015968186 29.099489431923573 -0.18099483731910024 4.985077573056829
IMG_0745.JPG -0.17139309641888678 -0.1704001753532838 0.7312308354967456 -0.6378790261156467 -13.90509249617259 4.113606472777095 -28.509164201173704
IMG_0990.JPG -0.14289327574821867 -0.15237957769931723 0.7382762409449393 -0.6413346771400484 -23.496620019391248 5.3871546824020475 -36.96286598382103
IMG_0864.JPG 0.5691244792587689 0.6935235791275488 -0.3405395188490301 0.2813453543327504 -51.708615991313295 -4.813069022599784 23.92738303162775
IMG_1008.JPG 0.5392941901279551 0.6424513141854721 0.4341350563728293 -0.32854959781401954 27.480786831314465 -2.4539466401557326 17.702213009199685
IMG_1024.JPG 0.5168705251374978 0.61825478611866 -0.44762491223763534 0.38760523426510435 -31.268189429843414 -0.31847593199826 -1.5350782529249698
IMG_1079.JPG 0.617572045137826 0.7704301385049406 -0.11685558528434206 0.10670961969473626 -5.270325931742253 0.2510423341894985 -1.488818269115962
IMG_0856.JPG 0.44698251632976366 0.5237460224270835 0.5370410642726967 -0.48732292104124453 51.302958834134735 -1.1773941592340038 -2.2963367806153263
IMG_1060.JPG 0.2709130876734893 0.346788884803337 0.6951341305146382 -0.5684471029900077 -16.060854292802865 2.4914774544784626 -10.54369992573561
IMG_0978.JPG 0.5613333628369979 0.6991645182169645 -0.34983356624888023 0.2714595884439119 -17.67179753187077 -4.012842025504577 18.47144143333758
IMG_0848.JPG 0.3553068235641706 0.5438576004837979 0.6410591174316195 -0.40867980067840165 -1.1493736013045024 -6.887451984372951 18.686001336420432
IMG_1045.JPG 0.5384625502326511 0.6800906167873911 0.4121620575459111 -0.27867054611891884 28.621168627275363 -11.597369175675102 48.81603975339321
IMG_1021.JPG -0.42807810228480575 -0.5130696777019083 0.5576491332607751 -0.492479530884894 -29.99503885188278 -0.5771257463601585 -1.6320456495812783
IMG_1034.JPG 0.6440164759956402 0.7186062150043412 0.19672173776120344 -0.17363307373741999 0.678174603490889 -1.4307167379619528 11.553933224732253
IMG_0744.JPG 0.4399916887516273 0.5811988505161818 0.5329008243866079 -0.4296881675776457 54.76273187201755 -6.26959089678506 18.576666144893878
IMG_0928.JPG 0.1545723716509609 0.13695088388575313 0.7445589187509045 -0.6348100927313551 -16.39818365357557 0.04278860695572287 -6.333145086221154
IMG_0896.JPG 0.6919925418941487 0.716530954188778 0.06769893212479416 -0.05609427993438594 5.7654788138339335 -0.8261257160038549 28.56103066239844
IMG_0960.JPG 0.12770229272387387 0.1061392763650627 -0.5793231601740103 0.7980045454330223 0.5025496089772843 -2.348486062792917 2.9647483947017688
IMG_0981.JPG -0.16249304786559363 -0.21945485132652498 0.7526238028569964 -0.599160236495777 -22.175597294706968 5.196598580275213 -24.202869873042545
IMG_0826.JPG -0.04782983974964737 -0.0477369511674507 0.7086931736324774 -0.7022730776339674 -10.546826684821767 0.10569765895847949 -13.99956187842074
IMG_0869.JPG 0.05250427833663223 0.051651762065000384 0.7486392588171258 -0.6588737787996078 18.411172582716475 3.9305111493643796 -29.251160989060924
IMG_0875.JPG 0.32220508490445615 0.37219628477622496 0.6538469180683665 -0.5745763801210306 34.39852468023825 0.36809888863609186 -3.894563537536555
IMG_0866.JPG 0.21231183771974266 0.22644208166210109 0.7154368472973232 -0.6259375246347408 39.13069807183318 4.637614894592519 -29.869785380393804
IMG_0822.JPG 0.07567971053143172 0.07993295937212573 0.758620279645568 -0.6421670925315099 -5.868792837141223 0.3393817331349202 -2.8997994892996712
IMG_1077.JPG 0.6424312319799392 0.7413626024836665 -0.14409850080043096 0.12999702259071574 -32.970649647073635 -3.728843407362606 23.511941264625655
IMG_0919.JPG 0.6497470559469756 0.7597880323266128 0.002015636433503658 -0.023384747833989573 15.888933812559904 -2.0819258449977913 9.936925317660087
IMG_0842.JPG -0.3058763786127617 -0.33752178678861394 0.6806251088602363 -0.57381891362934 -41.522345144031796 3.8454841970740983 -16.780324811343995
IMG_0889.JPG -0.2391494499643663 -0.2293555024114409 0.7020313898412694 -0.6303614215455065 -20.456790170696188 3.5146386259320117 -28.930714840623754
IMG_0997.JPG 0.4748516874423278 0.5855162143946215 -0.5170280206562394 0.4054240538873563 -52.04346911361866 -1.4038346992882549 9.658371883418496
IMG_1048.JPG 0.517794977762954 0.6042017335739259 -0.44717166112896467 0.40849251110991797 6.221888376066425 -1.385314571190043 10.617570674180081
IMG_1113.JPG -0.46881640758529547 -0.36434183752175425 0.5882958622752028 -0.5489755730813207 -20.427247357887655 3.1390522214676864 5.82284920149739
IMG_1087.JPG 0.6177456739418146 0.5204388773231886 0.5092179537984344 -0.297036584996003 21.7751170730491 4.015585316871791 37.509075704592895
IMG_0967.JPG 0.007713092175169309 0.011292688484558812 0.7568496004268866 -0.6534459929707661 -4.674883807955768 1.0221616697584175 -6.297572195230343
IMG_0996.JPG 0.47498154969375606 0.5861129842505916 -0.5172861193618613 0.4040781704805755 -52.0618802399219 -1.356585058213798 9.72998348764804
IMG_0991.JPG -0.14229456714093003 -0.15005919901627374 0.7477140182821833 -0.630997812846512 -23.389889225192398 6.760284876020373 -37.1011885566528
IMG_0885.JPG 0.10912412625882772 0.13340367703208664 0.743755098812677 -0.6458511724946471 10.031035097065136 3.964318589775351 -31.133057292114103
IMG_0814.JPG 0.5791479469227143 0.6208064377379412 -0.3971773923771335 0.3484783227445191 -6.280731700222751 0.6167392094134282 -5.085804721521911
IMG_0766.JPG 0.6358157192182363 0.7716363509226736 0.016841373134621033 -0.005664033958076411 -13.254583913023376 -8.430473360728225 43.15099950570496
IMG_0851.JPG 0.5734920834453362 0.6594759118535248 -0.35592210041839717 0.3309347523972767 -39.18845166133181 -6.193257515213353 34.98244361958681
IMG_0824.JPG 0.027244357527022367 0.003909297771414498 0.7545388252164594 -0.6556779877461493 -8.812976269907573 0.4866525815440886 -8.625712050083626
IMG_0898.JPG 0.6861360215074626 0.7267965258201453 -0.014956432912087758 0.027576714094029287 -2.5686948660871725 -1.512860433015652 21.47344025109514
IMG_0975.JPG 0.6035951057410778 0.7550196099753338 -0.1910991142921435 0.1705856541297342 -8.772886246923443 -5.486493504883819 23.217982575979597
IMG_0736.JPG -9.686299436692251e-05 -0.007832180841815745 0.7607613223688631 -0.6489844820551578 -0.18188979765362742 -0.24402770868361867 -7.496804148486905
IMG_1091.JPG 0.1655335868536207 0.20991443642010585 0.7670416979152626 -0.5832508848386557 32.02409691101537 7.0496708833607045 -24.296571073622115
IMG_0850.JPG 0.5027726121683657 0.5755584906060603 -0.4798490258146149 0.43092579032756595 -50.287744222596 -3.1999504737084576 18.020873840274092
IMG_0954.JPG 0.5989004805665175 0.7015611647719755 0.29026462182284396 -0.2547088451134446 49.465441605997945 -4.685961721965167 27.5345844811385
IMG_0737.JPG 0.08042695061549776 0.10094123169840387 0.765547905348068 -0.6303005457518565 2.948121163729599 1.5153727386748783 -7.192292855422992
IMG_0992.JPG 0.5077281346784298 0.6102840083726373 0.4715723062462756 -0.38390771073548063 47.954651649314776 -0.9050925996598618 6.913895227822766
IMG_0838.JPG -0.32191042488832594 -0.39838088031124796 0.6674337803610068 -0.5405538838854717 -44.80817591190741 1.2311098406349847 -5.7173991306548375
IMG_0858.JPG 0.4696868853825465 0.5569596123416334 -0.5243626533976906 0.4407198970339706 -56.12202431183239 -0.3991851114408851 3.008751063830618
IMG_1049.JPG -0.43663560096406717 -0.49378190202974087 0.5742022974569225 -0.48561353646066263 1.4171730942040168 -1.881630785646529 12.023015865125009
IMG_1015.JPG 0.5837531335480337 0.685915324388646 -0.32622653314382444 0.2869297752319036 -30.486739086049518 -4.602176460676546 27.402986858858124
IMG_1050.JPG 0.5174393039586741 0.6191373499467385 -0.4362048654891477 0.3983099596335591 6.695552333487165 -1.3148616750433375 10.321784731287927
IMG_1099.JPG -0.42906092859973044 -0.520427640299216 0.5806150001071962 -0.4560131713144347 -42.44282495512098 3.847036180133925 -12.842908096306624
IMG_1062.JPG 0.2550337238550052 0.33078810831968236 0.7043477413699795 -0.5739610494780485 -16.5211477429074 2.3823423178657452 -9.698375224268291
IMG_1106.JPG 0.3764295323417933 0.4516783357892009 0.599467683644101 -0.5430708834268436 42.232962439952395 -2.4579453805901963 4.285633023296892
IMG_0970.JPG -0.09442003860347611 -0.10752908662579667 0.742194420828383 -0.6547287938763362 -5.5857637903617325 0.45945355963102846 -4.54925062572864
IMG_1076.JPG -0.39681530315798785 -0.5647327284720663 0.5798747211112769 -0.432850861600446 -28.44773492807603 2.9393560354518335 -11.572606914921293
IMG_1027.JPG 0.6037474533510285 0.7834212519862819 0.10689226223120495 -0.10155884394522625 3.0536819408888056 -6.719401248474424 24.8393596424367
IMG_1038.JPG 0.08355030234436304 0.09379542532972007 0.7343447750075852 -0.667052858913325 5.947716059090708 -0.18193596775375115 -3.40825066066209
IMG_0993.JPG 0.40649373485665663 0.7111706979251122 0.479226056813891 -0.3151848162675436 49.700930320150995 -6.457492806550374 9.412110621526901
IMG_0910.JPG 0.6496462301483427 0.7500342487561156 0.10776361498760158 -0.06160685539531972 19.88192711024357 -2.413041155679346 24.77531876705556
IMG_1067.JPG 0.11017799600872867 0.128670631903235 0.758515794799536 -0.6292523076801152 -9.742272156273705 1.5544850715470655 -8.759737492905746
IMG_1069.JPG 0.003087187632744156 0.00992248381661242 0.7817184229326298 -0.6235449629618947 -12.048902618722565 5.4851414807201255 -23.75459330095062
IMG_0959.JPG -0.006150379400320235 -0.0479019087979842 -0.5696148194977135 0.8204916436962217 -0.346031482999289 -4.590184926626496 -1.0267352435512975
IMG_1026.JPG 0.4640843012595946 0.5766332753087985 -0.5203111963968478 0.4259061939384335 -30.325775189331498 1.4507186837864705 -7.941053249608933
IMG_1041.JPG 0.5478110659386901 0.5998772850404113 0.43723109710257974 -0.3858487354574807 28.89184809351199 -0.11783200255454924 4.817891915793875
IMG_0849.JPG -0.012174933999241433 0.007936630588854335 0.7488679732158176 -0.6625598384815091 -10.286339703170793 6.459093313662286 -50.89665938606992
IMG_0806.JPG 0.4141083806049408 0.4769212398770828 0.5864216402663761 -0.5071193546830489 0.51806120777958 -1.6525344486506928 11.341544570488049
IMG_0893.JPG 0.4774797958610347 0.5469988586433103 0.5179870727738217 -0.45221088623188604 41.7625800399728 -0.5274105769645605 1.1246626600285035
IMG_0803.JPG -0.3005914294914112 -0.35249509876525936 0.6853713564479633 -0.5618345856419498 5.510186957155727 0.7032431661517192 -4.014921687569295
IMG_0986.JPG -0.11435396400259537 -0.12459743779097766 0.7399348612500047 -0.6510722314150345 -20.51732953582581 5.018865244362844 -38.85173629150965
IMG_0969.JPG 0.001181022398363557 0.001907520600795927 0.7431748046470339 -0.6690935482345461 -4.807482393029041 0.6204742853261274 -6.193553838311844
IMG_1011.JPG 0.2376212801947389 0.2765800076621523 0.72544492801401 -0.5837544714852005 24.444943187958035 5.405751817854858 -22.787527665076507
IMG_0755.JPG 0.6275762345801186 0.7778796003044848 0.013448300285280582 -0.02950492229801304 17.48174976114155 -11.787794694304637 52.72298307101321
IMG_0752.JPG 0.5856323042601934 0.7713903062739451 -0.18860361489560085 0.16254376654242547 -24.340167676052058 -12.029136845482041 41.92048438420045
IMG_0987.JPG -0.11212420942849093 -0.12362452236513581 0.7423266021382982 -0.6489193747206485 -20.327654108331043 5.350656625062122 -39.03029109319453
IMG_0942.JPG -0.09599968389218806 -0.11654051741903056 0.7584457710822272 -0.634005032172294 -21.417326232608087 2.149607745211894 -12.633250799478581
IMG_0873.JPG 0.5277804182827106 0.603489931933712 0.4420575898262848 -0.40228450058254384 33.53919237278165 -3.6627677364546876 25.973711585723212
IMG_0922.JPG 0.6257149551178696 0.7440266268121827 0.17005753161015874 -0.16120052567838533 15.651210142380966 0.2028252328834593 -3.6382793655099244
IMG_1004.JPG 0.6251005892618595 0.7680548357678049 0.11931662323001319 -0.07144624538178689 7.561358669226926 -10.18924182455568 49.59379550193535
IMG_1032.JPG 0.660201881073098 0.7223259499758664 0.15681941728507928 -0.1333655449558582 -0.7469048984242149 -1.2758423672218366 11.566985471757235
IMG_0833.JPG -0.13015162865149346 -0.12732547136064537 0.7064038651895682 -0.6839900270818218 -16.79117381877647 0.5057902697978068 -17.829284250758093
IMG_0753.JPG 0.5697834760793979 0.7111330219046529 -0.3182093397627105 0.2614946110944074 -31.332232133458007 -8.809838498727443 39.58153085542565
IMG_0938.JPG -0.09940375130810672 -0.09349688667498714 0.7730046106219409 -0.619549108921303 -20.699317246297067 5.9700017016885845 -24.411172092800648
IMG_0878.JPG -0.08037265101480225 -0.10500959577451753 0.7427653520847031 -0.6563633547865181 3.364054096590192 4.33659759539163 -33.48745467491989
IMG_1014.JPG 0.12129431778852544 0.1577531113472795 0.7783131147330258 -0.5955084716165214 15.752066416376145 8.004302526239668 -29.624704132368443
IMG_0837.JPG 0.6402070646132064 0.6847655978292604 -0.25330023239750843 0.23889324543872173 -9.792876386425965 -1.7536240190574157 25.381517111986938
IMG_0949.JPG 0.24376366463959678 0.28932450596926174 0.706643986184247 -0.5979338448664324 10.375510025196723 5.257238354508351 -31.517050743193707
IMG_1018.JPG 0.6396366995823374 0.7449199049959024 -0.1329552477667121 0.1352114262168767 -12.36720202845561 -6.130584377424273 38.87858503081349
IMG_0805.JPG 0.2799231519429809 0.3502629889613801 0.7086756572893438 -0.5447363402010771 5.483766098085523 -2.4719035611003033 9.794538911904757
IMG_0968.JPG -0.11850306436378598 -0.13859903057159825 0.7402149166659255 -0.6471701550645422 -6.3513759413972375 0.6080404362091467 -4.1038960149422765
IMG_0891.JPG 0.535200260019461 0.6223501630851344 0.44763488641911053 -0.35477311713764137 40.672668690228996 -0.2836925958967892 10.052557051140433
IMG_0832.JPG -0.014749746258514771 -0.05851723740065269 0.740750082118534 -0.6690646409381461 -11.829648720184089 2.594407885654623 -21.13864239269402
IMG_0841.JPG -0.13114903886512783 -0.1506429565455905 0.7514129516731184 -0.6288761446468213 -23.577789971134838 5.415232630730217 -28.310799896519928
IMG_1010.JPG 0.5747043407620259 0.6999001548219554 0.34017686089214827 -0.25324769950199155 21.652225574810487 -4.542814732424964 24.16958789216449
IMG_0932.JPG 0.2092877037911828 0.22396669918119214 0.7007106677970559 -0.6442376384030187 -8.140006041229183 1.0203692341638206 -15.634699248544052
IMG_0905.JPG 0.16578566424825003 0.18568110334757232 0.7300921562702376 -0.6363985266655391 5.970357209318463 1.500688133563566 -9.539071448464329
IMG_1051.JPG 0.6331720407655138 0.7596477177870395 0.118946673364553 -0.08877049368615231 13.933635051369773 2.6232485479064964 -13.633798095491585
IMG_0934.JPG 0.19819618208514167 0.20418744899527505 0.7388108731311276 -0.6108880853502513 -8.596951559896016 2.189755751689601 -15.26901173492534
IMG_0912.JPG 0.10133765891862109 0.06334683522691126 0.8073676959618475 -0.5778194016030299 -14.13268670882337 1.9470351471577425 -8.99741995301447
IMG_0879.JPG -0.18517840395253354 -0.2361930443759367 0.7227580864365246 -0.6225291583441143 -8.248787201441125 4.926231526234226 -32.474712195893545
IMG_1071.JPG 0.08153568382151068 0.12752372946328563 0.7761166320140537 -0.612154069004442 -4.741042766614603 6.444010381747142 -25.93456259231479
IMG_0935.JPG 0.6256656474239045 0.7799798321472824 -0.006633866190745554 0.011399600716110144 11.589630406997646 -2.8078230491952154 12.312619800101771
IMG_1057.JPG 0.5923102319709382 0.7217839817173284 0.26789868177358234 -0.2375431942674609 7.164607760358727 2.9148566079454574 -15.312547079472733
IMG_0734.JPG 0.5318392269268221 0.6400446882208904 0.4329400367284922 -0.34648630330740965 2.7284940629090353 -0.34004631490810644 2.0409043446192077
IMG_1029.JPG 0.6172751396680689 0.7750143069090079 0.09930082233116959 -0.09199767778846224 2.5371487687582914 -5.927200800389523 25.106517339772786
IMG_0750.JPG 0.5291778213590661 0.657813379454774 -0.42457958539677615 0.3270849535766891 -34.28530646971804 -5.625151421384657 26.769428985246385
IMG_0988.JPG -0.019316156265814146 -0.00881173116318817 0.7517800815976423 -0.659072035830731 -8.136353569434096 5.750691156139336 -43.080750640793035
IMG_0772.JPG 0.4943874455814949 0.6117338905016311 -0.4911356448195721 0.374364099842394 -54.17754061732902 -1.816854842833411 14.430158117279893
IMG_1059.JPG 0.2715305297245428 0.34681740173109016 0.6945728951454178 -0.5688210215993407 -16.047665970408136 2.4695025306505394 -10.564061611354074
IMG_0823.JPG -0.0374241045238339 -0.04936031687608093 0.7586401240334378 -0.6485585229761547 -6.23592527392618 -0.0032790105111532926 -0.7882150237120955
IMG_0817.JPG 0.582386193009998 0.6700847076868724 0.35830721059095205 -0.28884035305692873 2.171169805008037 -0.24322895482896448 2.1033600446164553
IMG_0836.JPG 0.6063548855544756 0.5840081304389239 -0.350656245390282 0.41025413332986943 -19.873793458214518 -0.7334425340619384 19.0514318238682
IMG_0731.JPG -0.23781920979114632 -0.34244728508794053 0.7173623743655598 -0.5581783803004391 6.142854679764337 0.8228933222187303 -2.128540248908845
IMG_0732.JPG 0.28538177433418876 0.34520098148506073 0.6800649336407029 -0.5804353635779672 6.709790918349082 -1.8748736965747834 10.62638627193839
IMG_1068.JPG 0.005891998368320497 0.0026870070196768755 0.7779460679152056 -0.6282976840350242 -12.024970943338307 1.0198137275524672 -5.239257923834601
IMG_0872.JPG 0.6034467419788437 0.6966616641327522 0.2925732075618813 -0.2547851517256355 17.20487150212096 -5.337030983387036 38.53454382040144
IMG_1025.JPG 0.46184686657880175 0.6071984095137922 0.4900802210230965 -0.42169768825216114 -3.6352456667885478 -3.4642889760054816 17.077245674052367
IMG_0863.JPG 0.6139526247613921 0.68889663883675 -0.2846937211631 0.2596788029053054 -48.33298398126056 -3.7087795185473915 30.345417820371562
IMG_0769.JPG -0.42700468160085586 -0.5366448618877258 0.5523078290642348 -0.4739571247009652 -30.99450073291618 1.9439231696701287 -16.573153615332025
IMG_0852.JPG 0.512707697489168 0.5779846403031565 -0.47687548216635095 0.41911137781930635 -49.83009289833042 -2.3657089524162327 19.416492529602966
IMG_1042.JPG 0.48066535771785823 0.5291326862765635 0.530970542909064 -0.45502713849457777 29.139023470418085 1.226018440073812 -3.9405097544790135
IMG_1016.JPG 0.642113627140882 0.7459341635232674 -0.12798315313487504 0.12203534751243955 -11.423469469494481 -5.982008040751044 39.1345554221399
IMG_0886.JPG 0.5956977434772748 0.6309953665220632 -0.4029724479138857 0.29086466280052314 -30.35857602295324 0.030015948115485167 37.87200869248113
IMG_0895.JPG 0.6582365808593499 0.7063562396283756 0.20049958994195183 -0.16608847277810365 15.304648887921918 -1.1642434585671397 25.051342744156013
IMG_1043.JPG 0.6238967216259524 0.7734829516037754 0.09346416721828928 -0.061167424082525824 8.647797603692206 0.26968432655512314 -0.6058797588495273
IMG_0740.JPG 0.633643931194348 0.7009146554478287 0.2533841932769465 -0.20738964495947104 9.362270407266939 -1.149814601897886 13.986920504944155
IMG_0762.JPG 0.6533545226024885 0.7565756941480544 0.026712360463775377 0.0027452900970685147 -12.611768372978807 -8.311013683497047 53.49300999920724
IMG_0904.JPG 0.2653992115280689 0.2920191808334055 0.6873799672326774 -0.60975145526097 8.517724424297999 0.9874446800475216 -7.123269786323076
IMG_0982.JPG -0.03697808371836749 -0.031230009062858357 0.7629431018978541 -0.6446511701105738 -9.290128937596652 5.457728237138947 -31.684079781214642
IMG_0951.JPG 0.6334843870606667 0.7733779135078234 0.023895131201660064 -0.0036272515093157386 16.77208002223193 -10.182204388047152 53.050318302227474
IMG_0825.JPG -0.04771940895798624 -0.08554635015124444 0.7517865002820089 -0.6520902836097391 -10.326438375010637 0.4293176382506407 -6.469987255650056
IMG_1090.JPG 0.38100033820289203 0.44110270171547256 0.6118477807804886 -0.5347050046358118 42.01076401662606 -1.0340089437166191 5.501722261850788
IMG_0800.JPG -0.1307629990743615 -0.1648159765232206 0.7575156730865985 -0.6179860330006933 6.470502516310292 0.20748524429290438 -0.8291304064302518
IMG_0888.JPG 0.6331275890651465 0.698482488629227 -0.22747070695873267 0.24398513585579304 -24.956440731099853 -5.81655109873208 50.49429515223333
IMG_1033.JPG 0.673617898106663 0.7388437482851526 0.015519738380159053 -0.010391375795331961 -5.445543072056551 -1.1282318997679721 10.473893617219298
IMG_0908.JPG 0.6509597833825475 0.7449310149241317 -0.0980239258637285 0.1082610427666037 -14.64392936730684 -0.034048923463417875 -3.8195021921634233
IMG_0818.JPG 0.630894522778971 0.7289471448853316 0.20141461706052377 -0.173321415657099 1.1018409652817844 -0.4149299799497909 2.750462799060579
IMG_0760.JPG 0.6199058853856592 0.7632702214870029 0.14444456734659517 -0.11077467769963117 33.91696268299666 -8.454182176794914 41.12231760451858
IMG_0733.JPG 0.34269534184991945 0.41524103787044536 0.6507067009980206 -0.5354582826130484 4.182605534982991 -2.298205260845826 11.72552978882156
IMG_1047.JPG -0.42114038351586663 -0.510262595938298 0.5767622379675701 -0.47918491359083665 1.3912171395994453 -2.3148034263187927 12.003550706865013
IMG_0815.JPG 0.6214145885726614 0.6807553452020372 -0.2920686796602703 0.2551704439182377 -7.4590561199800085 0.39138480268844655 -2.8726287439890963
IMG_0871.JPG 0.5713850058919425 0.6160214868256401 0.39614800613185347 -0.3702748439318415 29.564514004852914 -2.0652639544202556 30.480714900050902
IMG_1082.JPG 0.03636828798895789 0.05129638994795249 0.759467618753893 -0.6474990070041431 34.94510462631874 6.241169148280583 -41.24504482349246
IMG_1089.JPG 0.47158063803247735 0.5341694019973052 0.5218035175212739 -0.46903714235137933 37.569754895573325 -2.5731446678181773 19.116634113183835
IMG_1088.JPG 0.401798523338058 0.5015491532109957 0.5956097930135239 -0.481928799744399 40.57184783073321 -2.714238723399805 11.44397656873178
IMG_0903.JPG 0.09185825215685314 0.09997416162557257 0.73490028795852 -0.664446232043223 3.767865767343007 1.360935734053114 -10.850320747431484
IMG_0923.JPG 0.64187556298946 0.7638673525511389 0.04429685827794313 -0.0504005723199804 15.518228469194938 -0.634444047347166 1.8927999733140426
IMG_0876.JPG 0.40710010551735515 0.48341352847970953 0.580830115349535 -0.5130470170204684 33.64451718302096 -1.8486335315797744 7.6306799315331135
IMG_1108.JPG 0.4455977701287992 0.5603006391235165 0.542076642335735 -0.4400667391294606 46.03102903112508 -5.320056769600389 21.23806214136988
IMG_1012.JPG 0.08773071428002342 0.09618637114620894 0.7729388745416779 -0.6209806760277528 11.567812163019326 7.320801844273589 -31.45501924692359
IMG_1081.JPG 0.10915415928615699 0.15488742607258532 0.746283566366406 -0.6380878413875167 44.189318577560236 3.6056330866778694 -31.42115402979106
IMG_0808.JPG 0.5757653499252576 0.665848954802105 0.36546302338158176 -0.3026156138654841 -5.084136017692951 -1.6712162173059413 10.364671994216737
