IMG_0801.JPG -0.30591046035290237 -0.39311203311450216 0.6764551231509359 -0.5424851942957626 5.0546224527921595 1.0574376113368553 -4.490397869409534
IMG_0964.JPG -0.11188080310595296 -0.11677575700794214 0.7130737391433858 -0.6821817580496122 -2.4560988867344715 -1.773698966745325 -7.375692855151804
IMG_1037.JPG 0.18504629922749935 0.20551356468941528 0.7134724957084724 -0.6438004657798727 6.3473756487105835 0.014230574840981142 -1.4099012473283214
IMG_0835.JPG 0.6044084632194214 0.7378403801549362 -0.2263973505132109 0.1975505572813059 -7.185898558309854 -4.966390211466653 25.759932324184806
IMG_0994.JPG 0.3544477795214655 0.6989110710981017 0.5593950095674217 -0.27012461857422587 47.808997436359114 -0.6280643410320348 5.991348713349781
IMG_0894.JPG 0.6889308113531074 0.7206649804714094 0.06439728370652355 -0.04323555182618884 4.863128158848842 -0.9276811556270125 28.33116902965288
IMG_1063.JPG 0.25443253714115877 0.33103928849898917 0.7035099579087071 -0.5751093918875664 -16.517660933250998 2.383229346358413 -9.686763865187602
IMG_0811.JPG 0.5637089838994902 0.6023624507194683 0.42593046216258773 -0.3714497285450699 -2.6577212526469554 -1.1234602650770724 11.271573139422754
IMG_1001.JPG 0.4959132533636494 0.5844745079419931 -0.5007700164815642 0.40210568921279816 -51.43113048599138 -0.9383076002378046 11.662454822318486
IMG_1107.JPG 0.51463492020212 0.6339325058571207 0.45533934416849925 -0.35488950192766977 36.91735203360344 -7.137110169363433 34.351122421994475
IMG_0773.JPG 0.5612082115546142 0.7787734074552024 -0.2149614184888367 0.1798580320295784 -33.12774359859556 -14.753889798959833 42.92667588632154
IMG_0763.JPG 0.5831489921624462 0.6999433257881112 0.31370701642968446 -0.2675901744597265 30.71136870554713 -8.347258876482279 45.58060536803641
IMG_0735.JPG 0.37065239125537514 0.4724201806447898 0.6290469746695193 -0.4936961428199947 3.555335627653854 0.08847210907693924 0.01902409003834362
IMG_1094.JPG 0.0670235757557353 0.06661317257626259 0.7701342916704881 -0.6308436401561301 21.695109097155356 6.863651618050122 -34.29395673773208
IMG_0995.JPG 0.23277366216403167 0.6146618502080713 0.6538952409790889 -0.374737569408827 46.350888904086155 3.6850721904841612 -13.079056014708353
IMG_0924.JPG 0.6211507807582592 0.747947276833634 0.1730635410158163 -0.1574661532254587 15.618261638767882 0.3872052226159519 -3.6515129824813384
IMG_0887.JPG -0.22356679180994593 -0.24145419883906583 0.6915860492695176 -0.6429825004761592 -28.7464926718211 2.8603651488657302 -39.618603865119084
IMG_0741.JPG 0.2426686674008381 0.271076693999515 0.7006603118051831 -0.6137625528600282 17.769384816491662 2.4381328753326303 -17.338565823164103
IMG_0983.JPG -0.16015337420862788 -0.18010415072532904 0.7360952158995446 -0.6325165806134276 -20.498818729806352 3.959829642634305 -25.900614744625656
IMG_0749.JPG -0.3145151048774011 -0.35806361755716937 0.6600517859896637 -0.5806912556580185 -41.6254037948264 1.6497805334511868 -14.867346760590648
IMG_1056.JPG 0.6122455894388914 0.7859583652459892 0.05421348599905673 -0.06697525101339298 23.585609049364326 0.7840054047173926 -4.860905896378325
IMG_0761.JPG 0.5967847817956462 0.7108892143686147 -0.2626662308691648 0.26361126734736257 -47.707060244978905 -7.11983581511911 28.42835552132648
IMG_0957.JPG -0.3175747241973843 -0.35793590343160075 0.6701370015079534 -0.5674016062679843 -56.09585522286536 3.3058817442993735 -14.163205443699587
IMG_0921.JPG 0.6364253432862943 0.7689538723245477 0.04000642308140961 -0.04552154184820325 15.41163714854107 -0.6647669328312557 1.9754932304727781
IMG_0862.JPG 0.567965612359824 0.6330249034892551 -0.3855625149210937 0.35782129873286056 -55.61091410921271 -2.13653936267859 13.79527225645919
IMG_1054.JPG 0.577796769043955 0.7054749903239472 0.3193516302721951 -0.2578186726214457 5.261033032449215 3.447467836389641 -15.942455611874887
IMG_1100.JPG 0.46736225988803975 0.5706928490922814 -0.528748299992388 0.41988977753981904 -43.9156070499558 1.8474331837900293 -5.520686875388015
IMG_1111.JPG -0.40718626601139984 -0.3796223962622621 0.6194942606912596 -0.5534555465422502 -35.01580746924113 2.340376162655708 1.727529235024417
IMG_0827.JPG -0.16223870601614399 -0.17215537017392338 0.6920167612854459 -0.6820219445813226 -14.339922039838347 -0.15691410069584713 -9.755197383422642
IMG_1093.JPG 0.15314108403221013 0.19417185343714663 0.7513648194979116 -0.6117973583917257 30.972141214982244 5.221679087881228 -26.040868966460916
IMG_0929.JPG -0.3159127874477382 -0.4094974058761188 0.6660888394336395 -0.537435245671212 -9.173811849472026 -3.9972173867197243 17.11113548864555
IMG_0943.JPG 0.07167397903347737 0.0786261917253167 0.7629397872294101 -0.6376547998459867 -14.208400819196234 -1.4678030737476067 6.368538419586774
IMG_0941.JPG -0.015760348750507292 -0.0081808164887643 0.7674742018666034 -0.6408338592163033 -17.289620886494255 3.384265881706038 -17.734902493794483
IMG_1009.JPG 0.6192616149192143 0.7402141449095453 0.20500196596643208 -0.16301001783134617 11.886764967711825 -5.416222374282948 29.957466025593135
IMG_0984.JPG 0.00614236574211282 0.019845384735251527 0.7556443097002732 -0.6546526630705751 -4.694431757781487 6.320338362625847 -43.55736409638628
IMG_1098.JPG 0.14841276018063324 0.1646545011310843 0.7709730837782044 -0.5970452679339865 27.84494965208777 8.57875425955484 -31.1059981811532
IMG_0989.JPG -0.02135168632379415 -0.01266516555263542 0.751433297509655 -0.6593418676729244 -8.469628464116699 5.687291724722215 -42.96140041666019
IMG_1066.JPG -0.05023711086031501 -0.06142938951272909 0.7639193999672431 -0.6404137827609501 -12.804664834059082 0.4758208048484751 -2.9612761203527787
IMG_1058.JPG 0.5925873622496289 0.7225981570231238 0.26802422071126397 -0.23421173899045278 7.349504902111769 2.7539450356931305 -15.308770332529965
IMG_1046.JPG 0.12735778801394596 0.15983454571214464 0.7395419134727353 -0.6413350684675471 -8.68132342351767 0.788317849491214 -4.587174400824184
IMG_0847.JPG 0.3784439788544454 0.5397506391587419 0.6045911664546253 -0.4471229404107804 1.9274050898168777 -4.711723923235751 14.728784487610529
IMG_0813.JPG 0.5801089525539322 0.7208001253270329 -0.295336643411172 0.2381114225608137 -7.578050495707725 0.5457436129701364 -2.7209018830176652
IMG_1114.JPG -0.4302039469207498 -0.52425605657225 0.5688746381137488 -0.4652545510922746 -53.14456130012726 -0.9309506541237563 6.899437482052275
IMG_1055.JPG 0.6477107612090742 0.7589918405762666 -0.06020367873320069 0.027886785752455356 24.91235075181835 -0.9889367248327727 1.9940367151340084
IMG_0933.JPG 0.29657082571879334 0.36873452255591144 0.6786539091288096 -0.5617022955553264 -1.9410743487847602 3.358371331926006 -17.296882793351664
IMG_0802.JPG -0.17237822302546585 -0.16382951336038928 0.7327175008566502 -0.6376289694775986 6.556851953678936 -0.1342618389111955 -1.1038362431437705
IMG_0804.JPG 0.3809067298135606 0.49323653198759715 0.6213594859568935 -0.47491070308740385 0.7148042379521804 -2.9947375234956204 11.0470904152266
IMG_0976.JPG 0.6232527508416289 0.7759836169912262 -0.06517615182618298 0.07181576402634167 -0.41274650529140067 -5.518055745739804 24.499295671869383
IMG_0950.JPG 0.11604895645486071 0.12772273831211436 0.7574926420108711 -0.6296224576070839 -3.696051170163887 5.92332757103207 -32.87190952478805
IMG_1040.JPG 0.47074977643599475 0.5313573286931789 0.5351708604037431 -0.4578713655648558 29.014419685339977 1.0309475623798738 -4.4146682914004325
IMG_0907.JPG 0.42570028435022217 0.47612626793687346 0.5771019060701126 -0.5089562210002812 27.542931652917872 1.346862987465271 -10.507249974625209
IMG_0861.JPG 0.5351222773425248 0.6403351060174879 -0.4238982453167715 0.35203036504069335 -51.50779992021333 -3.6939721637354435 21.73608004233364
IMG_0739.JPG 0.43536826177969706 0.5356249625806853 0.5629832546326731 -0.4545439814787647 17.854452158281408 0.11576051692065013 0.018294472798696348
IMG_0966.JPG -0.0764300462191658 -0.0695200613062921 0.7270316406617207 -0.6787859770116287 -7.067158353842072 3.153448280329547 -9.48911998611046
IMG_0870.JPG 0.6370755498999273 0.6634295259335196 0.28591749286608115 -0.26878838351481144 17.622805288744264 -1.3186266969844238 38.63134885210346
IMG_0925.JPG 0.6225125041302784 0.7481305072696223 0.1729222209679468 -0.15125089021047122 15.687168900582064 0.5201292165761923 -3.355026768996305
IMG_1065.JPG 0.009818307738960225 0.021171029024626694 0.7744943942753327 -0.6321501574778484 -11.987345859635326 1.2547190253639904 -5.718722918929673
IMG_1022.JPG 0.5016840220176352 0.6143487251981626 -0.45961911526690663 0.3995485637327041 -28.42119293711095 -2.4893357836777623 9.120993935307759
IMG_0828.JPG -0.04017607252678509 -0.059228014268298684 0.7156973618835849 -0.6947339143262219 -10.346758480990582 0.37156328963604357 -13.75189545343533
IMG_0918.JPG 0.5758282754666678 0.7500355779290203 0.26122750477246043 -0.19398097784091908 20.81489488338224 0.7188575388863676 -1.902283752786477
IMG_0931.JPG 0.3438335055132148 0.3886381414889698 0.6304241303428133 -0.5773251521872237 -0.2283332318298215 1.4745519038771968 -17.769696822483454
IMG_0974.JPG -0.27761352137386647 -0.3467512662777434 0.6990862905503836 -0.5603326248307233 -16.915784364952835 1.6980859213912294 -7.2203098085962525
IMG_0998.JPG 0.5724787301272746 0.7080707667139114 -0.3164776935300746 0.26598075564769924 -37.82798391969394 -8.046437809905074 35.51081525760655
IMG_0937.JPG 0.6231975663514014 0.781524963055292 -0.022462962714678895 0.01841034277774936 11.195137649415003 -2.94295830384564 12.645925390742821
IMG_0944.JPG -0.03185642395722543 -0.031442627819436644 0.7709766256701596 -0.6352885738612968 -19.379373114482192 4.687371027436631 -23.540685838191624
IMG_0946.JPG -0.09386158667114165 -0.10060454698951572 0.7571262756123633 -0.6386145398046931 -23.088877598507743 3.7231642069314494 -19.784209669821195
IMG_1085.JPG 0.14824074220903175 0.20820059004930477 0.748773837459039 -0.6115676062295171 34.908616065216215 2.373466210780694 -16.857831963597658
IMG_0809.JPG 0.5112414495658856 0.589981595630548 0.4802246620741172 -0.39992270628060694 -0.9353973644674798 -1.8426539308725522 11.420787294625205
IMG_0961.JPG 0.0021049879818727424 -0.01167514958699063 -0.5926399365020015 0.8053801373082277 -0.396420503035901 -2.1282979166525173 3.122701472788714
IMG_1036.JPG 0.11173989054220919 0.08998592007704126 0.7561334515763388 -0.6384974036413584 6.022299940316634 -0.17842946768776005 -3.3162762541288173
IMG_0807.JPG 0.3234995313987749 0.3672239283906009 0.6686597912354991 -0.5598113282053566 4.554326705759536 -1.6518619807682677 10.485172516978958
IMG_0810.JPG 0.5920785292253911 0.6725847700240134 0.330942265017284 -0.2958884242197935 -5.955904591578822 -1.1416845368922521 10.069032989753447
IMG_1061.JPG 0.12729766142140778 0.16153804396710392 0.764513319557289 -0.6109174657573782 -19.163803070605727 0.44195796288873607 -1.8306143373142048
IMG_0962.JPG 0.11942371523850089 0.0937790652364171 -0.5745696360230561 0.8042469748294674 0.29877825847002515 -2.237848695172182 3.0185828172862283
IMG_0831.JPG -0.07524388430448897 -0.11690647899299127 0.7548606988686156 -0.6409809344651529 -15.083386451675027 3.0968330563063335 -18.71249261652042
IMG_0843.JPG -0.4401298011418799 -0.5156770867936376 0.5602070183032607 -0.4759527255375334 -44.15858263631462 -0.9735343059197871 6.630050000650192
IMG_0845.JPG -0.4141054491615957 -0.5081355368070243 0.5716692813361783 -0.4934664993544024 -44.36380231194524 -1.926535664023741 3.7340521961814366
IMG_1023.JPG -0.43045401574945313 -0.5390949153554409 0.5436891194422243 -0.47800434513006 -29.055267705243242 0.8083902051434464 -12.249775415270285
IMG_0747.JPG 0.5520255360949399 0.6985302373721728 0.35953427647498665 -0.27938936811460585 25.296011944776307 -4.3756586527976316 18.721107675849442
IMG_1053.JPG 0.5736870838450842 0.7093657812473929 0.32416337704010706 -0.25020276419447 5.298857773514258 3.6287319149274784 -15.953825434503644
IMG_0819.JPG 0.5635543155060254 0.6648134665363852 0.3813375678402627 -0.30823894552778647 2.5269810186740123 -0.25379717306746724 1.6259200088147119
IMG_1086.JPG 0.029703066915744692 0.03961060373280092 0.7870898827279553 -0.6148481474274891 25.094529143018228 7.081232681800711 -28.905305737799587
IMG_1103.JPG 0.2628460372440302 0.31696698481098134 0.727721985400747 -0.5485112607862668 39.89097829809897 4.561809711654493 -11.421007575675283
IMG_0917.JPG 0.6001010765124692 0.7975803289442891 0.03813687222725108 -0.04785285599018117 16.667253038690053 -2.6981147457879757 7.936578815666043
IMG_0963.JPG -0.037620635572456644 -0.022972908186650584 -0.7276789765788277 0.6844999929245885 -0.2506002068243729 -1.1636124934849723 -7.775110276700186
IMG_0860.JPG 0.48483178130553667 0.5613572690196508 -0.5109209158012936 0.4344835763888751 -55.84600382635125 -0.36242408519742636 5.701119124917366
IMG_0829.JPG -0.17271011901381647 -0.20881929377953043 0.698733136039349 -0.6620707831767452 -14.752861062803342 0.1584200492657498 -8.542594430328394
IMG_0758.JPG 0.4277046069285366 0.4917914452912307 0.589373601953871 -0.4773349985810672 52.438177179915535 5.846204081396558 -22.24148757734173
IMG_1030.JPG 0.5632001291449652 0.7459121801091672 0.2899635188252205 -0.20577121238496884 19.068349964404632 -1.2957027256385265 22.620502890842427
IMG_0765.JPG 0.16574470010268025 0.17978878215799607 0.7297041496278686 -0.6385425140222739 27.24168241147174 3.1822739235043658 -21.45200329000815
IMG_0909.JPG 0.4875869680186127 0.539463596787629 0.5111325228417948 -0.45823740621292874 29.38685279399475 0.3368500980726809 -3.614144661783522
IMG_0927.JPG -0.3801271290921466 -0.49368585367320755 0.6039001699978261 -0.49707366485030674 -3.9752517488796073 -4.4548311689775595 18.818980517986752
IMG_0820.JPG 0.043777944136615454 0.022336022037844114 0.7647215244835048 -0.6424839170892297 -6.240216094837038 0.1338004796641626 -2.182327390997835
IMG_0971.JPG -0.1576884027644557 -0.20847678115379337 0.753385088821723 -0.6033926642696558 -18.151821594269563 7.067256742872025 -12.70261338063439
IMG_0911.JPG 0.6054850146409164 0.7160417582105157 0.26570261025194697 -0.223772698176933 27.977922107638133 -1.7735675870638667 12.721219731325913
IMG_0977.JPG 0.5637270738953367 0.6973334400585435 -0.34731556627765897 0.27442623226424273 -17.66369962822241 -4.024667137536258 18.475245327129464
IMG_1005.JPG 0.6475541038651107 0.761193422303403 -0.017566676192520433 0.030816688612377373 -9.88128314866792 -8.206200981735188 49.500972008335644
IMG_1092.JPG 0.06273040970071245 0.042802468829535555 0.7943226628797944 -0.6027307455211075 22.428217677754667 10.33646285351893 -33.77243000976777
IMG_0853.JPG 0.5575187790425887 0.6689262952633104 -0.37440159761283753 0.318643792070578 -39.940202663935615 -6.537542176101029 34.5278931853365
IMG_1007.JPG 0.5950793241264069 0.7296282294083557 0.27181987347271763 -0.19909093709398615 16.48187244892899 -5.515415723491668 27.670439287514885
IMG_1109.JPG 0.5440853125775373 0.6825433106904943 0.38008373502489073 -0.306010058721264 28.899739307667428 -9.480283558018751 40.66515339603279
IMG_0953.JPG 0.6594978244035486 0.7367977722378332 0.10834193437227248 -0.10224327698595484 30.19532180625325 -5.353440599420463 47.52209336435626
IMG_0940.JPG -0.09446258554201192 -0.12043406654463797 0.7648412076812823 -0.6257718294880956 -21.524675906645733 2.3533509627378204 -12.53777755203557
IMG_0874.JPG 0.4385543373282079 0.5017805951033526 0.5578374051365828 -0.49467540571452034 32.67188679311051 -1.5220157475199338 10.563072977326062
IMG_1112.JPG 0.44761675834106746 0.5493058552168779 0.5384356175330489 -0.4560585498030857 46.548093018337646 -5.785715470234123 26.043337029665317
IMG_0979.JPG 0.5867335550987556 0.7663466313275699 -0.20654548715756413 0.1606098929359782 -8.840017598912636 -6.408239059545427 23.02462030258587
IMG_1097.JPG 0.22887512950387795 0.2598487936966859 0.7479303018499982 -0.5662994288214773 35.296564207300015 7.824782622355028 -22.82636903131538
IMG_0901.JPG 0.6654507012625162 0.7175395631037811 0.15656270333899705 -0.1334183626538952 7.646705194248599 -1.4618267470341104 20.201025883887013
IMG_1084.JPG 0.12250610350514873 0.1458976938543043 0.7655720441326572 -0.614496186135053 32.351621391567384 4.824789285016588 -21.015117470294648
IMG_1003.JPG 0.6218582045675054 0.7817023006936438 -0.02022545574297656 0.04271788199725377 -10.877009999559197 -11.538912635596173 48.712701462893065
IMG_1035.JPG 0.1826807353588386 0.19891774234236287 0.7496319371972684 -0.6042445195813043 6.266063258001847 0.21660549072235452 -1.378853801064616
IMG_1028.JPG 0.5685616205322546 0.7438979168161446 0.27749674547695574 -0.2152884791716325 13.657959129216705 -6.0928492829273795 21.650559246545694
IMG_0881.JPG -0.1736567389377764 -0.21257217130893843 0.7241510216765628 -0.632662395603919 -6.481972459719666 4.556352189533262 -32.863449003341096
IMG_0930.JPG 0.33531881242636535 0.38729493863626396 0.6324982664715939 -0.5809559944179368 -0.6224914751232125 1.6221593722216807 -17.432719434647062
IMG_0884.JPG 0.2034198484508943 0.25359338072728554 0.7125140444446335 -0.6217994041302001 19.141572594000472 3.3165964305810696 -26.413329060176856
IMG_1080.JPG 0.706098404847035 0.7011495047617492 0.050029571767357756 -0.08550705581179734 -14.297053735412854 0.11879902433276247 3.6762104232718578
IMG_0812.JPG 0.5145861945733752 0.6576437902043171 -0.42916848399837565 0.34426749178905797 -6.146620720085018 1.2146958718691996 -5.396834444573314
IMG_0920.JPG 0.6196947917173461 0.7280041471282233 0.21739530401817475 -0.1967933146053245 17.896985650021865 -0.5481911181760857 0.4785225943283253
IMG_0883.JPG 0.15557239155455557 0.1886681191300706 0.7581796184261992 -0.6044544962302952 21.524942315397514 7.838725191514485 -29.281136424283474
IMG_0902.JPG 0.17428524338709106 0.19026560296886819 0.71450329253147 -0.6503143080281142 6.09420222051492 1.1219026630955082 -9.494436981539783
IMG_0958.JPG -0.41068314504661246 -0.4862254654974116 0.5945708134070484 -0.49133460993596784 -57.39566292672648 -0.8232142944434596 7.292166983773234
IMG_0857.JPG 0.36551482675540986 0.45396854282633575 0.6170994841794923 -0.5286773119507793 48.84651370040875 1.4774738986830016 -15.909822869304305
IMG_1070.JPG -0.12322403344658986 -0.13487235152951638 0.7649588676347732 -0.6176270858705742 -20.225383914910417 4.184819701461916 -17.658361514948467
IMG_0939.JPG -0.006708680816653516 0.00029239891397635144 0.7718227497748175 -0.6358022892650009 -16.92552641648185 3.6662633483672176 -18.15344053176837
IMG_1017.JPG 0.5982192696606128 0.6677309751670613 -0.32540302708135815 0.3006358597630312 -30.971500748859828 -3.1733150099376863 27.013766545863085
IMG_0771.JPG 0.37475351144972574 0.4546924317186956 0.6289543839624565 -0.5071794367758303 34.645090457701684 -0.39815725802738794 3.547113379630011
IMG_1083.JPG 0.20486181635260156 0.25740520606295064 0.7374066750578017 -0.5899199875174606 37.03129062636056 2.410900499801834 -11.201006532051421
IMG_0770.JPG -0.022996073562393443 -0.0258614985994627 0.7672825871905948 -0.6403747300487515 12.116355479888407 5.935223006388216 -32.82126939357608
IMG_0880.JPG -0.0671209369222812 -0.07624905389192581 0.7464971045660457 -0.6575887274594748 5.725404635996482 4.373769745964426 -33.401245559250086
IMG_0774.JPG 0.2060865235839313 0.26079181675165564 0.7197804959320263 -0.6094522219077616 32.150023204860226 2.4577079681643648 -17.950334804988156
IMG_0844.JPG -0.2883785833708338 -0.33297874685061396 0.6742211027490536 -0.5927806098437048 -40.583034281741035 2.4039885283592666 -18.959172454908416
IMG_0913.JPG 0.12165958880687743 0.11418926002643097 0.8157077992508374 -0.5538777334279775 -12.760308637924318 3.422012891658468 -10.35155113510364
IMG_1013.JPG 0.07964682159507246 0.08381837533803888 0.781410799313488 -0.6132112413204356 8.12372902704038 8.086011855747 -32.49642935900677
IMG_0840.JPG -0.008197088023016262 0.004796145421839605 0.7505167616027675 -0.6607831681348504 -10.657435020594608 4.704449929242915 -35.56403334440241
IMG_1031.JPG 0.6796363680895054 0.7333346176503325 -0.012934318904613516 0.012142862933503352 -6.3015278690258265 -0.8875251482352196 10.091125866267204
IMG_0973.JPG -0.15637397076196846 -0.17841309788049034 0.7518487329573738 -0.6151743090565591 -12.244434527873528 2.907484968630564 -13.653372677612426
IMG_0859.JPG 0.5144257601890974 0.6117026053343878 -0.45365526945547086 0.3941864487476399 -53.93507828294172 -3.243508283321154 15.282481041387516
IMG_0757.JPG 0.5622300005168959 0.6642138283600482 0.3842706025430006 -0.30830751005335183 54.76893005883879 -1.6666367623322784 15.867857647218857
IMG_0738.JPG 0.18203478177157772 0.2046781376924343 0.7270241748719333 -0.6296078520221268 10.607128174846189 2.367291973865008 -15.041324379896317
IMG_0839.JPG -0.1416370251364129 -0.18345265859536322 0.7473701160479238 -0.622673256855723 -25.166177854259484 4.4304961346308565 -26.23606758135446
IMG_0764.JPG 0.5632729299470625 0.6533537997855156 -0.37030525883930393 0.3445670239164457 -45.63180167298833 -2.414072830034228 8.121310823774209
IMG_0965.JPG 0.04253153721843073 0.03933171488916903 0.7341331664377404 -0.6765298060557351 -3.657224520280126 3.60160234258719 -11.110446826045028
IMG_0948.JPG 0.12118382452005333 0.12068298454093483 0.765731395190742 -0.6200044583196361 -3.836901684652818 6.589969434619189 -32.7349455229348
IMG_0906.JPG 0.46332992711745313 0.5371426124371447 0.5426595469176105 -0.4498041892654048 28.95247432848417 1.3505924452416636 -5.0376835406856815
IMG_0867.JPG 0.6389097038555623 0.7668645871335813 -0.03689818001503477 0.04849350091731363 -19.613252267212143 -7.472101798469394 38.99367408958578
IMG_1072.JPG -0.03137843298912002 -0.0319837249330528 0.7890623547119172 -0.6126769423268996 -14.486074453309216 5.801340856293195 -22.231874573760024
IMG_0955.JPG -0.2755745892503463 -0.3351321788409399 0.6949204406601838 -0.5734375725547493 -54.51379187184803 3.7765946264696244 -19.646794228527106
IMG_0892.JPG 0.5707510529671848 0.6514845291228861 0.37626593566185784 -0.32899101737112374 36.41409635840863 -2.6711614449395995 19.64302068874872
IMG_1104.JPG 0.202846935548218 0.1707135102898576 0.776375421202156 -0.5717964878314546 33.76944790166111 10.421853786346363 -22.35347433844676
IMG_1102.JPG -0.4330740274299995 -0.5284194365839202 0.5780375058021903 -0.4461977450546747 -42.594689343540686 3.984449603101547 -11.824774334666634
IMG_1095.JPG 0.5116703348120653 0.8467366542574829 -0.1093977404287661 0.09624261633618235 1.8400303360525765 -12.435465582763921 26.403287999035065
IMG_1075.JPG -0.3443050545645214 -0.4793045143181273 0.6401423720739892 -0.4918729057704573 -24.58651938807363 4.616309495977954 -18.351327594319756
IMG_0746.JPG 0.2723633700026129 0.3513295554347773 0.6870845219474666 -0.5747178419529387 39.348978615999826 3.9103003841128903 -26.32763631245989
IMG_1019.JPG -0.322907527345805 -0.4107525216563843 0.652744797421824 -0.548577546182015 -27.602550811750568 1.4864476490991905 -12.172947474287852
IMG_0846.JPG 0.48579869845932183 0.6231219938280926 0.4878475929891395 -0.37111094216909596 -3.823596632499958 -3.9935513168610814 14.505079946853751
IMG_1105.JPG 0.4472837553538351 0.5049587715634777 0.5417521694793753 -0.5014563471350867 40.13254160785749 -2.457444738125096 13.636021700694918
IMG_0985.JPG 0.005745277503642842 0.01935171855501759 0.7552309039721125 -0.6551479103689785 -4.749341109899122 6.25243900665518 -43.554242856310836
IMG_0972.JPG -0.2883216167069155 -0.3792428432777616 0.6894147409325568 -0.5456673218610453 -17.25852214500633 1.1313877494524496 -6.203989865600203
IMG_0956.JPG -0.3937120808767632 -0.47939474203240556 0.6010069694670429 -0.5039465262658475 -57.68847882595804 -1.445585115539414 4.85023640899283
IMG_0821.JPG -0.08172831879946654 -0.11185445891974109 0.7547100322005171 -0.6412658023174775 -6.287866014792384 -0.22443308404518408 0.20591153769854498
IMG_0947.JPG 0.23044208888889275 0.2662325916939055 0.7362382518200126 -0.5779012782002494 8.547976291423272 7.568649821143982 -31.583273692023642
IMG_0756.JPG 0.6351816726395915 0.7706847352791099 0.0318155631824368 -0.03971210759862918 19.69687710248414 -10.46425179368652 52.185999823694914
IMG_0914.JPG -0.21127161899593871 -0.21107457892945183 -0.6353408793301206 0.712147310736072 -11.131815198236753 -1.9903940344150601 -13.254653508117322
IMG_0865.JPG 0.6036203024273763 0.7482066915159445 -0.21165441645998975 0.17615812573147852 -39.74134609389442 -8.796422370257801 39.879293257165436
IMG_0855.JPG 0.3736297953266479 0.5005575667093227 0.6133689451962602 -0.4833440136414608 50.15017434289753 1.5668810415060128 -10.738841472388527
IMG_0890.JPG 0.5793642336921134 0.7152283273281892 0.30907822029785037 -0.23928263255653123 30.505236563806545 -5.47329573890037 27.15857156772556
IMG_1020.JPG -0.4385294719886571 -0.5512496550231698 0.5517990005028283 -0.44646789702986023 -30.3492384553867 -0.42562773180915575 1.299680288127689
IMG_0759.JPG 0.21182288061762414 0.2525460864019143 0.7365887255271314 -0.5905832633221542 23.123016881763505 11.505846827765168 -51.31529287867724
IMG_0899.JPG 0.674706334013992 0.7083925051930542 0.1603390408358811 -0.13131189364081886 7.872603582854815 -0.8351349627510467 20.142050384748437
IMG_0748.JPG 0.014236229164208369 0.022294548045458 0.7902908351736472 -0.6121606641619285 -8.312434956963141 10.839831566605516 -41.92936883003497
IMG_0916.JPG 0.48538155307493436 0.566954926565498 0.524841970185939 -0.40927712556288565 11.096759452996192 2.997792727787606 -10.702979617426427
IMG_0754.JPG 0.6138628280863786 0.7891188459486085 0.011654431967026022 -0.018112136209033056 16.548894128216936 -13.540862310859001 52.62207059349784
IMG_0834.JPG 0.5640752220905467 0.6835089328603623 -0.3538076622285815 0.2990899875822248 -12.664817483155028 -3.5952341556007377 19.333752082022368
IMG_0936.JPG 0.5939675554053073 0.7879966754540016 0.14523607886798345 -0.07190454780009903 17.586347262177544 -3.15252284306524 14.711397600804089
IMG_0945.JPG 0.0034266299650677363 0.00020138661657620295 0.7630528936272063 -0.6463269290209556 -17.003903018048245 4.3284725290964445 -25.529486082710328
IMG_0877.JPG 0.27397898122042824 0.3292837903851081 0.682873347946394 -0.5917699670509781 33.65502143230485 0.8483650827539817 -8.758950231181922
IMG_0980.JPG -0.010407880712553306 -0.027808219441343325 0.7885851183855355 -0.6142083441402024 -8.060374856937841 7.801107821641477 -31.50608680788615
IMG_0999.JPG 0.4942336407531103 0.5809180080816209 -0.5023177117722112 0.407362605886131 -51.53915298393366 -0.9532197946334843 11.045943484330232
IMG_1044.JPG 0.1223828970933232 0.1449397122153768 0.7653910668311279 -0.6149726995054962 -8.873277179814028 0.8534621772725538 -4.322054448735276
IMG_0816.JPG 0.6235589250436712 0.728807421470497 0.221550532108581 -0.17586748173073713 0.8805353455471745 -0.44863427003901485 2.9769036630780885
IMG_1002.JPG 0.5778570436111437 0.7296454222519562 -0.2854837233620332 0.2284684630996267 -33.73426089104846 -9.258495252618912 38.97601160355455
IMG_1064.JPG 0.12370083742322605 0.16642116390151357 0.766286645432131 -0.6081174854079019 -19.12517755819258 0.5941231498212991 -1.8311808278873896
IMG_0854.JPG -0.4246981727950207 -0.5525161873605494 0.5622213375593468 -0.44526901118549955 -56.41024897422036 -2.4542363266682106 6.293174930928035
IMG_0882.JPG 0.17093604980729019 0.20539597694971012 0.7490022749322927 -0.606291144315505 15.715651058657196 6.144029636115139 -28.08313861372468
IMG_0900.JPG 0.6988046299236533 0.715226233703038 -0.005710851635966702 0.009534673241683382 -1.7189295614208038 -0.7492619547008066 21.76017828251936
IMG_1006.JPG 0.637971780969984 0.7621088167192748 0.09147153062068547 -0.06176663541623611 4.78798937453651 -8.942612474072414 50.10726329504773
IMG_0768.JPG 0.5413331957337253 0.5959068052078457 0.45474841326775656 -0.3808639275832626 40.16782444806684 -1.95001459520705 27.357867651515246
IMG_1052.JPG 0.5224654069058717 0.6455819093777967 -0.41842649863602827 0.36765902968646447 -59.286978582278195 0.10380629986282945 -14.081075029503836
IMG_0767.JPG 0.6104928260225777 0.7431573821135165 0.20436118487754185 -0.18235164079491745 10.612900585447546 -8.453272825645692 43.792287377189716
IMG_1101.JPG -0.4068254223866702 -0.4857595770537948 0.6084735761912209 -0.477797672741814 -40.729075093453964 5.004161089461769 -17.20663242642281
IMG_0926.JPG -0.2724657209799322 -0.326447973502521 0.6938686578312998 -0.5811544004534193 -12.39317684951216 -3.091452880293409 14.936017350302729
IMG_0743.JPG 0.6094896015553303 0.7214428523607334 0.2568672098872219 -0.20508991408230529 13.885250334933813 -3.0489189367308427 18.815605659604778
IMG_0915.JPG -0.04198747156595159 -0.014258141275161276 -0.6806263470922729 0.7312875858940213 -16.375987436124905 -2.0080989839886274 -5.903961586268827
IMG_0751.JPG 0.5052526446574249 0.8003961060580693 0.05752217719080026 0.3174539928950143 -3.208771794284786 -21.705973722185476 52.036824492380454
IMG_0742.JPG 0.48342753724671556 0.5444755706751951 0.5233331704684441 -0.4426811062796148 24.217695178435235 0.08996731766428395 2.3368323633928556
IMG_0952.JPG 0.5191572283798198 0.6588330198494903 -0.4010308815321636 0.36822419289682945 -46.75880193184251 -10.414777625779632 36.99096809943458
IMG_1096.JPG 0.1477168712434716 0.14569170660238673 0.7616610729359475 -0.6138615988570915 26.731425979766335 7.646974794224023 -32.12728118720432
IMG_0868.JPG 0.19243736810602788 0.19021939968367016 0.7157290711892265 -0.6438294308238915 28.374206633197446 2.8143656155736854 -19.85424885777998
IMG_0897.JPG 0.6534417151452462 0.6946998597207644 0.22565481148826086 -0.19871068381993945 17.230300814952262 -1.0489707303421227 23.97321270838094
IMG_1110.JPG 0.4374860750283082 0.567775329262219 0.5538022194780898 -0.4237218561021436 46.03916357743135 -5.5989378335672 20.832027446098525
IMG_0830.JPG 0.015842801410965713 -0.005265719288482522 0.7632877136985663 -0.6458429715965349 -9.490997372882736 3.461913877855135 -22.251802712606946
IMG_1078.JPG -0.4225600434877477 -0.5455232765339327 0.5568692484318455 -0.46232456625001705 -28.442554807189353 1.7193476176828963 -11.849640904417841
IMG_1039.JPG 0.6325729465049494 0.7620849400060011 -0.09268332719378751 0.10241002112286618 -14.833754973160904 -0.047956888166554225 -3.011471828616706
IMG_0745.JPG -0.17146624729103896 -0.1703827880369152 0.7310760896568328 -0.6380413644214398 -13.907886660558606 4.099367963683108 -28.509503461027947
IMG_0990.JPG -0.14315031999802272 -0.1522254321801017 0.7384874739921198 -0.6410707093907686 -23.504685657660595 5.430584123679501 -36.95937441795284
IMG_0864.JPG 0.5696676470288105 0.6923711113659744 -0.34018767066706984 0.28350196613184037 -51.755878110448215 -4.842237932358941 23.79527680595737
IMG_1008.JPG 0.533681259483065 0.653362679626624 0.4247056603307693 -0.32852187785700565 27.314622446455665 -3.253187501806602 18.14580185669246
IMG_1024.JPG 0.5153948181082448 0.6153850860730083 -0.4510460623438019 0.39016256477298883 -31.158423132746268 -0.20454247582834498 -2.0117939630498696
IMG_1079.JPG 0.11851447680227652 0.13955963257145254 0.7670957231660872 -0.6148508593513572 24.707849315774425 4.585523059424149 -19.80756310973828
IMG_0856.JPG 0.44732621437762665 0.5234162803131397 0.5369167530208517 -0.4874987751361884 51.300500563725315 -1.1634480619594625 -2.2933606883765316
IMG_1060.JPG 0.26994699842979325 0.34606990814348243 0.6959485565348165 -0.5683483468555299 -16.100380938709986 2.5049795693529924 -10.499125389011391
IMG_0978.JPG 0.56751043548401 0.6971662121882298 -0.3421069667291103 0.27359459335899416 -17.578336714075977 -4.034072705726487 18.62548387219
IMG_0848.JPG 0.20900294425609336 0.14355707070170134 0.7736243683953645 -0.5807017077370309 10.232244994534748 -1.4874521571978272 15.390785070506347
IMG_1045.JPG 0.1406482536786942 0.19515335410233353 0.7536045465038376 -0.611729862446234 -3.5980101355686416 3.899933956540568 -20.228390156701824
IMG_1021.JPG -0.4356840638751992 -0.5135782286293901 0.5571202551980804 -0.48583312033157466 -30.226818958242376 -0.1895231623400979 -1.364139637812384
IMG_1034.JPG 0.6518796184375091 0.711831489249868 0.19719986567915346 -0.1716423809966687 0.6893407309074966 -1.3909187786402346 11.59453700097655
IMG_0744.JPG 0.4398955155734658 0.5815558349862859 0.5330138298087705 -0.42916314311033854 54.75189019737997 -6.276667056508025 18.607631567288543
IMG_0928.JPG -0.2800174773717932 -0.08978503110618183 -0.5479635776466029 0.783112238525446 -14.388334703982068 -7.069004249343905 -6.357527852287519
IMG_0896.JPG 0.6917835262553519 0.7167435806220507 0.06862670875069883 -0.054813933309336246 5.737687407241213 -0.8126553402260186 28.626515604192548
IMG_0960.JPG 0.12841614317853106 0.10766579456494288 -0.5802957404538165 0.7969781831788172 0.4627658518509584 -2.3091568313014355 2.944360159938643
IMG_0981.JPG -0.16399165792488804 -0.21912436116678077 0.7524892020710636 -0.5990419444753045 -22.209986041023097 5.219902590112703 -24.22172601206963
IMG_0826.JPG -0.04466856951708988 -0.046661878704772924 0.7094853129079021 -0.7017535028348738 -10.383695193775539 0.17634127944569383 -14.049069905967267
IMG_0869.JPG 0.052402956938119125 0.0514987272914707 0.7487000787992273 -0.6588247135600876 18.398587153575956 3.9375450410507034 -29.257479427209336
IMG_0875.JPG 0.32134953577990816 0.37062138849502335 0.6543408740597138 -0.5755104541003822 34.36715440574082 0.3884692410701034 -4.03006139376769
IMG_0866.JPG 0.2155755303520238 0.22894631434318974 0.7130973409815445 -0.6265803684661393 30.060030095483768 2.7412603799889963 -17.158831446942933
IMG_0822.JPG 0.07792321078169079 0.0820499310559416 0.7588266707300504 -0.6413874537469021 -5.831270017299606 0.3489964830176987 -2.942234173385129
IMG_1077.JPG 0.6770656281302503 0.7342279719056856 -0.043127916444382075 0.025127739632117643 -26.00285723822018 -2.5008796810923886 32.17495900175065
IMG_0919.JPG 0.6510858287003338 0.7587422802462247 0.01931999344677791 -0.0049126047648463695 15.943556512093396 -1.2229430996563344 9.976273308492718
IMG_0842.JPG -0.30344601545421107 -0.33950781289512766 0.6809429451983708 -0.5735605164868822 -41.51518303351535 3.708489465179759 -16.807338494238216
IMG_0889.JPG 0.7812666442347169 0.05049352981615932 0.14660951550444182 0.6046308659144702 -48.55301234730969 10.411455048526356 18.35932194908003
IMG_0997.JPG 0.47299429535230625 0.581704626376205 -0.5190443146784686 0.41047426669238857 -52.07176616448243 -1.3877419958543304 8.918333969960647
IMG_1048.JPG 0.5206031999288997 0.6049349772276359 -0.45129814850550154 0.3991941416227152 6.26314323923881 -1.5585864881239133 10.533185956086868
IMG_1113.JPG 0.6190126025897531 -0.7801196968142253 -0.09055197295838512 0.0060824888726173434 28.639538946943432 12.191424902334736 25.237342603470292
IMG_1087.JPG 0.5779814696905609 -0.28934503711115095 -0.45741289685164305 -0.6107293279246333 47.517008956490535 -3.755356606149109 25.472793458536
IMG_0967.JPG 0.006290357652059702 0.009368409362560556 0.7548163220154684 -0.6558391451611172 -4.806866955263658 0.8533488219594173 -6.333096611100407
IMG_0996.JPG 0.47370040945378955 0.58367039307914 -0.5183160709346888 0.40778087858184475 -52.08255606813071 -1.3823839396897295 9.239878932422833
IMG_0991.JPG -0.14131169035035934 -0.1516167275369847 0.7380071272265754 -0.642175096265869 -23.291872546591332 5.255526633583851 -36.942197176410765
IMG_0885.JPG 0.10828560808076398 0.13385463075356036 0.7431337121614743 -0.6466138343381729 10.00682504576345 3.8491492855040144 -31.146659554961037
IMG_0814.JPG 0.5800017844298314 0.6191470202549602 -0.3977229239398889 0.34938713934591475 -6.26266328123694 0.5985187614280544 -5.098332933772284
IMG_0766.JPG 0.635930710285992 0.7715263882943145 0.01747405822764839 -0.005815597109404186 -13.217538842001971 -8.426289538232657 43.15122566129432
IMG_0851.JPG 0.5639004708233254 0.67758321666763 -0.35662955053112255 0.3093745419124661 -38.4906474342354 -7.043664032460075 36.129216988615006
IMG_0824.JPG 0.026762821349339248 0.003367443504550143 0.7546112027564112 -0.6556175290458521 -8.856010327827226 0.49127482998948857 -8.62385790573519
IMG_0898.JPG 0.6805885999373431 0.7319212380421978 -0.025719911563646888 0.0207109895287852 -2.5278704963520435 -1.7151326162390574 21.20194906855799
IMG_0975.JPG 0.6030252491969013 0.75495977327173 -0.19226108102134382 0.17155747228557577 -8.793269445421654 -5.490408469205829 23.210993420640143
IMG_0736.JPG 0.018176579968584877 -0.000557860422038892 0.776438597417733 -0.6299304764594104 0.856781174665989 1.2272450368428414 -6.877511589740961
IMG_1091.JPG 0.1648949530324865 0.20913965622787462 0.7667070408084061 -0.5841494434064958 31.959194334308425 6.9978471986095405 -24.387146986756335
IMG_0850.JPG 0.5141493746555126 0.5671917275864286 -0.4781127734220667 0.43052542385964554 -41.87988284770579 -1.719271818358215 17.562716803046705
IMG_0954.JPG 0.5970762784250075 0.7002506503010409 0.2928564479010822 -0.2595843705192425 49.73261951324878 -4.792672875765165 26.948463424514433
IMG_0737.JPG 0.08948692224670692 0.0861946951443595 0.7605710497774812 -0.6372552420468295 2.5019581844384593 1.1285254561708862 -7.19692405533166
IMG_0992.JPG 0.5084089157400581 0.6099373270320864 0.4714955558349833 -0.3836518894998843 47.953638144840156 -0.8521412632004979 6.952782245295116
IMG_0838.JPG -0.32362361004246637 -0.39415413833833857 0.6699005396802046 -0.5395771874255014 -44.60744547792014 1.647602279304187 -6.0006479421742425
IMG_0858.JPG 0.4700628658386757 0.5565473357748808 -0.5247794378996963 0.44034362350225154 -56.11485016973936 -0.30828016121174845 3.0095951821431526
IMG_1049.JPG -0.43884181930641797 -0.4957529659827626 0.5727559284763647 -0.4833192534363851 1.4939011802217774 -1.8888653922052647 11.998202372633044
IMG_1015.JPG 0.5848229823719074 0.6863653060921967 -0.3242801904900729 0.28587952696601565 -30.37928727455993 -4.594598696324471 27.475176463956046
IMG_1050.JPG 0.5153401430061725 0.6021405400767053 -0.47576382516456567 0.38144473999164386 6.409348532588867 -2.089640987926276 10.454382001517684
IMG_1099.JPG 0.467920872407752 0.575087985788996 0.5207638723424542 -0.4232361693300986 35.930138027525174 -5.115587831476928 24.511392400881974
IMG_1062.JPG 0.2559227292224736 0.3313183536489286 0.7040239067151765 -0.5736567300888085 -16.490245051442006 2.375036394413314 -9.738928370646292
IMG_1106.JPG 0.3659224691561618 0.44985963550730174 0.6100643659984781 -0.5399523351618828 42.286616146237385 -2.350826173830625 3.513609163774351
IMG_0970.JPG -0.09607369990694263 -0.11000572808874699 0.7424798664113101 -0.6537524240472826 -5.780306177175336 0.41994990815277433 -4.392499401361694
IMG_1076.JPG -0.3961573150785947 -0.5660535155725002 0.579126478944754 -0.43273007822750686 -28.493290558770752 2.8934956548035666 -11.543436203438096
IMG_1027.JPG 0.603581301194473 0.7828347073320477 0.10952154599720602 -0.10423274345001038 3.0565298343695635 -6.709127287325763 24.846460601846573
IMG_1038.JPG 0.08779105696777746 0.08632212523984918 0.728555979460955 -0.6738303983958014 5.76636985312673 -0.5381424212875819 -3.6711685067563797
IMG_0993.JPG 0.4005727961897513 0.7079028049272373 0.4887131620400935 -0.315554272634118 49.94118725333223 -5.899097699013393 8.766363787695626
IMG_0910.JPG 0.663953282466001 0.7103792166146402 0.18854587074361476 -0.13776016089611998 24.428285972237237 -0.019040161328612474 19.374403812794743
IMG_1067.JPG 0.11104190751868491 0.12810453388067608 0.7583042089474327 -0.629470928531599 -9.744076020126915 1.531134597174579 -8.80240799029735
IMG_1069.JPG 0.003539831751193832 0.008109015700666323 0.7824201504392571 -0.6226880612651486 -12.116186227459966 5.567865387074361 -23.893848499226365
IMG_0959.JPG -0.021391419172765137 -0.03356409187505335 -0.5984057002444992 0.8002040220076806 -0.6813184541007644 -2.120511526729709 3.0928551268752207
IMG_1026.JPG 0.46035440908652286 0.5783703917254484 -0.5143913057436783 0.4346988527535631 -30.249176123302917 0.653871296147605 -7.776362558639132
IMG_1041.JPG 0.5472794537609674 0.6051662601371759 0.4338679328091815 -0.3821225117191734 1.1909044319616255 0.5552550906393611 -4.568156937896495
IMG_0849.JPG 0.6554343639631357 0.755159088664756 0.011854694184157969 0.00010755954524894135 7.7762202167026695 -5.661786739262231 41.6192984839835
IMG_0806.JPG 0.422425340296064 0.48781831814660703 0.5784980917208297 -0.4989289310430172 0.15738979755895974 -1.6847852175932627 11.376840990225817
IMG_0893.JPG 0.47070490720321484 0.5515874568109785 0.5246193629333359 -0.44605234206203886 41.74899381349608 -0.3254678675457116 0.8445964283230415
IMG_0803.JPG -0.3067589998135516 -0.3566796488344064 0.6804478071411967 -0.5618445745021403 5.407708889520418 0.6697154225862386 -4.116886194366592
IMG_0986.JPG -0.11403750003320404 -0.12448329091129402 0.7394270004055059 -0.6517262231500195 -20.488968859380883 4.930769682321411 -38.87948977335803
IMG_0969.JPG 0.00413266507262039 0.0025973257639007783 0.7432672656738972 -0.6689767908948129 -4.703451751591606 0.558350374316896 -6.2021548817782515
IMG_1011.JPG 0.24320472950795263 0.27876488894584034 0.7223164374365916 -0.5842949259106139 24.837913028535695 5.241802444574452 -22.551158657328305
IMG_0755.JPG 0.6440743650070209 0.763852918865941 0.024766234107559713 -0.0329175383179752 21.377476084970834 -9.028643829032223 49.63165910406025
IMG_0752.JPG 0.5857215361128529 0.7715346141717065 -0.18867136460869294 0.16145506323807013 -24.293787117042857 -12.01220037021095 41.95176633923351
IMG_0987.JPG -0.1148053622068021 -0.128195942922863 0.7423817404715435 -0.6474989424247161 -20.796096648224577 5.376200530431087 -38.67784883064981
IMG_0942.JPG -0.09469468316937425 -0.11604455141651325 0.7603086545769285 -0.6320580106615321 -21.378790127788506 2.2300469582148237 -12.674055221868178
IMG_0873.JPG 0.5260213741440695 0.6041754430830362 0.44453459528700373 -0.40082732131433074 33.58617546972148 -3.7170263409188684 25.90129169709506
IMG_0922.JPG 0.6224491289318822 0.7447808925396248 0.17844676052258646 -0.16129246001848474 15.438027116346369 0.5040310707517613 -3.7550148107344636
IMG_1004.JPG 0.625147232343594 0.7680480197957196 0.11900205442607599 -0.07163580266453319 7.549063899533087 -10.18438806115474 49.59102923249059
IMG_1032.JPG 0.6601433011365473 0.7224736661663705 0.15661725914814842 -0.1330926662051241 -0.748001000610141 -1.2757984348038218 11.565621870226261
IMG_0833.JPG -0.13033445056549978 -0.12742333260596386 0.7064518235723353 -0.6838874514674923 -16.801428088676964 0.513118521198409 -17.82352302786235
IMG_0753.JPG 0.5720875927342494 0.7083552539023525 -0.32288397670502805 0.25825289561902665 -31.50271142458025 -8.210413736010624 39.68969132023715
IMG_0938.JPG -0.10068174089453483 -0.08547896655706261 0.7717737909143911 -0.6220303441026104 -12.051343094038161 0.1906763337585751 2.0524970043585475
IMG_0878.JPG -0.08029765800517474 -0.10563697983294343 0.7429084117008639 -0.6561099042346177 3.326335502695929 4.366082394930187 -33.480633732293064
IMG_1014.JPG 0.12659251418924994 0.1772625201701428 0.7801010204011012 -0.5865106412191827 17.491945324612566 8.396129079299236 -28.485259622993194
IMG_0837.JPG 0.6399450315061621 0.6837140722844675 -0.25424399565667183 0.24158935134499954 -9.828282029287465 -1.7490385891574245 25.36087764116231
IMG_0949.JPG 0.2456438371026736 0.2906271140277248 0.7054364940962201 -0.5979584757176912 10.550737469195335 5.179613174652498 -31.46746042996393
IMG_1018.JPG 0.639737027533591 0.7447333377977389 -0.13390405866778488 0.13482764645063655 -12.402196403002717 -6.102317023942174 38.84299767416398
IMG_0805.JPG 0.27990319117379087 0.35020312995540376 0.7086507564466439 -0.5448174710192105 5.484966311759803 -2.4706144367935656 9.79361195440508
IMG_0968.JPG -0.1120626429913594 -0.1357247657041746 0.7386817921249557 -0.6506688574101268 -6.017915516397515 0.3459582914201135 -4.06915658105012
IMG_0891.JPG 0.5351602543987319 0.6223437617889237 0.4476559880453828 -0.3548180669602493 40.67349578979079 -0.2856926815799205 10.047577695869391
IMG_0832.JPG 0.011677687978222419 -0.024015339582437713 0.7349949607025988 -0.6775465318411785 -9.410441755677827 2.0684714727204074 -21.368320071738896
IMG_0841.JPG -0.1327615673392359 -0.15461964237169992 0.7520900925899888 -0.6267596230282063 -24.00233138804016 5.544382798241305 -28.053157157716157
IMG_1010.JPG 0.5684021758421935 0.7036074603659761 0.3399996829619917 -0.2574018721784033 21.770365299721348 -4.945238109997409 23.927846875997297
IMG_0932.JPG 0.21617826937120407 0.22901627168279445 0.701927285407358 -0.6388400340905703 -7.797606056584322 1.113758927332225 -15.80995134604234
IMG_0905.JPG 0.1656469611782276 0.18489231134515305 0.7296179172140211 -0.6372076681413524 5.928853689487813 1.4663513007469189 -9.587377982338625
IMG_1051.JPG 0.60259280020395 0.7770671981325004 -0.14992409722250824 0.10281659302312486 24.585705814280775 -2.1341441409955233 7.299483366255146
IMG_0934.JPG 0.1976980830441079 0.20483932390222043 0.737943967011092 -0.611878272939887 -8.59680120903463 2.1689451131758233 -15.27622864296818
IMG_0912.JPG 0.08923374729720156 0.11640933136808994 0.8166608503250854 -0.5581677717855464 -13.34016445923474 4.002991075244859 -9.734852160636658
IMG_0879.JPG -0.18498373458861253 -0.23816324436407413 0.7224614181285145 -0.6221806701331724 -8.365327569543483 4.940417471260189 -32.44843764016497
IMG_1071.JPG 0.08111356747893828 0.12805180396315494 0.7762030835174075 -0.6119902759118728 -4.728686111561637 6.467197828088665 -25.939335942268567
IMG_0935.JPG 0.6233017626902163 0.7815019466906931 -0.016120179269012012 0.022130516628910482 11.359951506604324 -2.8680913425384738 12.611972019616642
IMG_1057.JPG 0.5923367636169684 0.7217593385349526 0.2679059698834628 -0.23754369494088048 7.164280141777461 2.9138417179111507 -15.312943096456735
IMG_0734.JPG 0.532140494747658 0.6390876853482718 0.4337916719440334 -0.34672497694557 2.71059611872002 -0.3380438010488532 2.0014367925117424
IMG_1029.JPG 0.6167652218121858 0.7748396241871305 0.10153622328715237 -0.09441722995880261 2.543214997019029 -5.919383125309109 25.108121451286113
IMG_0750.JPG 0.5269211077125537 0.6573517528973978 -0.4245168944175799 0.3317050279446301 -34.43565823599295 -5.790589034150878 26.53402080529493
IMG_0988.JPG -0.016136161789498456 -0.0026669533452615274 0.7508991090843857 -0.660214389133434 -7.436668095882654 5.645917908034236 -43.254206024301965
IMG_0772.JPG 0.3570759166162752 0.4911303135014098 0.6123978323285506 -0.5062180359212295 51.20075580713502 -0.9812332336207353 -8.570728720227324
IMG_1059.JPG 0.2717836185624103 0.3462098185100005 0.6959805175292896 -0.567347817011802 -16.05403237956067 2.4727589573985145 -10.55997683851463
IMG_0823.JPG -0.03696660250383357 -0.04925662055245754 0.7594326600285669 -0.6476644891554658 -6.2355945764151635 0.007295372037920592 -0.7883169086416196
IMG_0817.JPG 0.5820501780291638 0.6707209420962313 0.3584200710562988 -0.2878993934584824 2.1772109955672407 -0.23131583243450787 2.112803828577403
IMG_0836.JPG 0.5955088052031176 0.5936993548295858 -0.3789949702084119 0.3863329542728837 -19.832652878092432 -0.3010696033097669 18.999871031924123
IMG_0731.JPG -0.2404116777307995 -0.3435599665622731 0.7154893670345414 -0.5587877416755883 6.113774626765067 0.801394506457331 -2.1687820519137144
IMG_0732.JPG 0.28562601671081145 0.3449181596370961 0.6798150582208157 -0.5807759708757793 6.711162653257514 -1.864451282340118 10.627990968333307
IMG_1068.JPG 0.006032234857655956 0.002395910113099691 0.7779296224283482 -0.6283178927150176 -12.024163008591229 1.011804999093041 -5.2349110587211545
IMG_0872.JPG 0.6034602923983282 0.6966620828099057 0.29364213585755533 -0.2535190602745705 17.200540059177975 -5.324341235714872 38.53781170629132
IMG_1025.JPG -0.4095538029982337 -0.4879896453794751 0.5918526345304749 -0.4938038552415663 -26.83479916341444 2.939073080316596 -15.945595808973689
IMG_0863.JPG 0.6138979622180214 0.6892700164089892 -0.2840748207192163 0.259494956978856 -48.30112786832434 -3.7596194439722845 30.40112087694406
IMG_0769.JPG -0.4269910093296539 -0.5366535677460786 0.5523262898408995 -0.47393807161657364 -30.994347463461057 1.9455117637354056 -16.57270514273805
IMG_0852.JPG 0.514820397921038 0.5792176164367049 -0.4756939326439371 0.41615164680624733 -49.779789328231026 -2.27139491332767 19.72823452040771
IMG_1042.JPG 0.48303408454371916 0.5245522828855833 0.525984312100456 -0.46353368713907206 29.103873067304615 0.9314494637111638 -4.162116250329044
IMG_1016.JPG 0.642058919788518 0.7461025084677029 -0.12812935894698868 0.12113735078016045 -11.389695575785197 -5.988813327657939 39.12232408073385
IMG_0886.JPG 0.5718615934559826 0.6332742612783507 -0.3689282045449035 0.3685512282215562 -31.84181075457054 -4.915688585250377 34.618572001100446
IMG_0895.JPG 0.6592482112277425 0.7059554625162021 0.19944635615059472 -0.16504493919780802 15.250908673045426 -1.1500372464902076 25.1695568589313
IMG_1043.JPG 0.6233531504475629 0.7740129460506615 0.09293668565116923 -0.060807743201414716 8.65266266816612 0.26966722550098854 -0.5931241395121902
IMG_0740.JPG 0.6349914083767512 0.7000523319877461 0.25286897214699344 -0.20680891347220257 9.349468700278882 -1.1199570026084882 14.00605592912423
IMG_0762.JPG 0.6557623238852284 0.7544732154307267 0.0272004123532055 -0.0024656313756986465 -12.377554088211173 -8.057317739080888 54.004882343552865
IMG_0904.JPG 0.26497350865246 0.2921791041199417 0.6875550643502503 -0.6096625659447984 8.514516253654667 0.9967384124978518 -7.14249457266385
IMG_0982.JPG -0.03706541633303396 -0.031244003534612905 0.7629082394934273 -0.6446867342114525 -9.2948532389527 5.454698155670812 -31.68404618024287
IMG_0951.JPG 0.6559015354116993 0.7542650977769096 0.02735418680587018 -0.011361627715905641 18.56513265205118 -7.376371702889888 54.32916026607015
IMG_0825.JPG -0.048841486656473865 -0.08670297673849754 0.7525749249018965 -0.65094399560544 -10.421412957226762 0.5085057594456632 -6.439697550127805
IMG_1090.JPG 0.3815780943323004 0.44110511643366596 0.6114004552325674 -0.5348026902729465 42.01693712260189 -1.0165345519324471 5.5024144383916616
IMG_0800.JPG -0.1309789759839759 -0.16344863350505956 0.7565353483021376 -0.6195024768512879 6.477685865318125 0.18407267418188544 -0.8234624476550505
IMG_0888.JPG 0.6434333543575732 0.6956669621390522 -0.21522846112089594 0.23604598241002908 -24.123710668095335 -5.038381825857226 50.98142440818306
IMG_1033.JPG 0.675778383534601 0.7370093077527369 0.010231886783603539 -0.006013744760181281 -5.452824991312852 -1.1021721165021048 10.348028052927184
IMG_0908.JPG 0.6542972383751358 0.7440251067148677 -0.0893748941557011 0.10165575599669063 -14.776016114209174 -0.11613204112742515 -3.492690464376027
IMG_0818.JPG 0.6353530352384392 0.7255666514608774 0.20123148437888108 -0.1714218323196467 1.1075431165562226 -0.4316635648650968 2.757902894462056
IMG_0760.JPG 0.36643322495659314 0.43218883525532353 0.6463582236985133 -0.5110386961726674 42.51961132515544 8.178612690659662 -32.42565512845214
IMG_0733.JPG 0.34264044630508006 0.41446372938738735 0.6505271680721603 -0.5363131036793406 4.1965665718433485 -2.280887132371409 11.722937202667708
IMG_1047.JPG -0.42190181152052353 -0.5083613833482311 0.5779175304006277 -0.47914391722280475 1.3667500213722112 -2.3012686437995185 11.9905566960109
IMG_0815.JPG 0.6216881317742707 0.6802593313335809 -0.29225186627174515 0.2556168140113019 -7.453866010084534 0.38591786453891846 -2.8791070450043517
IMG_0871.JPG 0.5711544578574671 0.6161063626119798 0.3965171798582927 -0.37009412491392624 29.572702182153268 -2.0738137889856074 30.471218452818423
IMG_1082.JPG 0.037484478679858456 0.05876201734071513 0.7606441060473554 -0.6454165190879205 35.511482226566756 6.1333326668019525 -40.81360979441745
IMG_1089.JPG 0.472336757230036 0.5351506310922588 0.5202947220466623 -0.46883386398740157 37.51945734279931 -2.628774006169177 19.256977912149992
IMG_1088.JPG 0.40284213748004627 0.5014245303416693 0.5952589592414896 -0.4816206225701757 40.56172092282248 -2.667847358750203 11.524357569094636
IMG_0903.JPG 0.091813335057102 0.09983362248274043 0.7347975251869356 -0.6645872074504753 3.759733090407617 1.347596706976976 -10.847575382911538
IMG_0923.JPG 0.6401441889864481 0.7651923714048725 0.04125251528409895 -0.05472003319997537 15.485896714252119 -0.7464649159830286 1.7981333467451426
IMG_0876.JPG 0.40854876763508174 0.48257709185981623 0.5820011449528459 -0.5113530308402933 33.64466874925959 -1.6750695369592168 7.671768431775926
IMG_1108.JPG 0.446265328888305 0.560141758130621 0.5418585963081536 -0.4398610333247404 46.01701650270708 -5.263470343079802 21.26436803270586
IMG_1012.JPG 0.11936996215689967 0.10510403677812943 -0.6762227687922527 0.7193237939582853 -10.908207119879723 -3.2030159588743103 -32.319303434527576
IMG_1081.JPG 0.10296121553386264 0.15284947411275432 0.7445010717772126 -0.6416807465413189 43.78062415236923 3.12130299810974 -31.985008081762846
IMG_0808.JPG 0.5515361050348545 0.6674440184956844 0.3840481073510828 -0.32067656331164307 -4.552344125726573 -1.9058895383120644 10.591102758894172
