IMG_0801.JPG -0.3042749671511162 -0.3931589920386218 0.6782370623340669 -0.5411443787205197 5.069508061287325 1.087534117530334 -4.469474180124505
IMG_0964.JPG -0.10678752746257988 -0.1245943814978608 0.7137928606645741 -0.680861524938721 -2.59585147385629 -1.7022688930393102 -7.329659459557962
IMG_1037.JPG 0.18899418024177608 0.20327933652646957 0.7110780079677728 -0.6460083418661721 6.3965483209406795 -0.07411669143511093 -1.3664328025585393
IMG_0835.JPG 0.6118154997641615 0.7300008106564182 -0.22146782036122598 0.20912344496433022 -7.37096278566763 -4.665007403238195 25.78159562043975
IMG_0994.JPG 0.3395546992009159 0.7319760560988844 0.5076231225465294 -0.30204705759965633 47.160036633330684 -7.308934151159136 6.0700013750459245
IMG_0894.JPG 0.6898428608073744 0.7200493339102352 0.06254360047480469 -0.041642312233721945 4.8536134322768145 -0.9109370932774372 28.304142328127178
IMG_1063.JPG 0.2551478240705157 0.33182671948298326 0.703031346554556 -0.574923944423026 -16.482085873299397 2.3858572595795695 -9.73181259293098
IMG_0811.JPG 0.5635476728985809 0.6024445687482238 0.42606116344758593 -0.3714114254543744 -2.6561262024780565 -1.127200651297892 11.273872763167084
IMG_1001.JPG 0.49942898517695117 0.5925501538177369 -0.4957818867486346 0.3919889344709371 -51.27692286310924 -1.0511970915368176 13.039344014691169
IMG_1107.JPG 0.5154418094957717 0.6333099670529136 0.4556502689114998 -0.35443061252668395 36.912996522597254 -7.031822550101491 34.37406596348994
IMG_0773.JPG 0.17101479414128 0.2370114409769478 0.7408394544180977 -0.6047614569467392 33.72536019108428 7.29137883717652 -39.08448709214879
IMG_0763.JPG 0.5830825558009504 0.6999292602653396 0.31383374538878867 -0.26762313801368387 30.72244124208375 -8.349182298206378 45.57240547556948
IMG_0735.JPG 0.37231912931868877 0.47391166062936035 0.624042844438476 -0.4973497081209872 3.608399259186439 -0.005806068138176395 -0.013952390095089254
IMG_1094.JPG 0.06636100212195044 0.06646238473603323 0.7777075735306237 -0.6215705099871442 21.63570789590042 7.869255067708275 -34.07707268987057
IMG_0995.JPG 0.01859866932510718 0.07334595220107828 -0.6796018356122938 0.7296682847893647 -13.5674001813635 -4.0751752654695155 -42.571168392206374
IMG_0924.JPG 0.6194021444577752 0.7483758193528884 0.17613032099087478 -0.15891106467660945 15.515876311554644 0.4711231644187878 -3.7469782684230726
IMG_0887.JPG -0.23373157275507428 -0.25038141463971975 0.6967055616561169 -0.6303015623159183 -29.99252240367272 4.126686938332238 -38.59132903663712
IMG_0741.JPG 0.242108663265526 0.2701171990374672 0.6981362409210938 -0.6172729404959352 17.719887050343267 2.1789334306211794 -17.383567875685845
IMG_0983.JPG -0.16014405797114611 -0.17888173193134918 0.7373446476416857 -0.6314095954861096 -20.441062102208083 4.107908304158293 -25.878375774923207
IMG_0749.JPG -0.31646752999772176 -0.3616800622895111 0.663910343167639 -0.5729388198005297 -41.948265207100185 2.362606683331642 -14.562426230134324
IMG_1056.JPG 0.6459153398942824 0.7465124515855855 0.11910113657049504 -0.10643050589256846 13.530824030125531 1.8908407896561434 -14.048972753814425
IMG_0761.JPG 0.5971529796214062 0.71008932836898 -0.2624274025600342 0.2651665949009424 -47.75288595628899 -7.140889218788419 28.354573726180522
IMG_0957.JPG -0.3176590774834173 -0.35796733573963985 0.6702052740165588 -0.5672539005738412 -56.099782775626906 3.3214365363341773 -14.149314251928507
IMG_0921.JPG 0.6389112776364835 0.7676115653760095 0.028758792421665715 -0.04168687885121524 15.499710029563403 -0.9292770956693851 2.543454112435691
IMG_0862.JPG 0.5657016534255968 0.6343305775118987 -0.38914647220608456 0.35520611046901485 -55.627285023757274 -1.9428089750071436 13.696566812124638
IMG_1054.JPG 0.5695929435000152 0.7082732519742414 0.3241830348317251 -0.2623323067792336 4.952335207535142 3.7286208929201656 -15.959229785070931
IMG_1100.JPG 0.46843333700768475 0.5744665565625872 -0.5254992350796295 0.4176229616552383 -44.09117152763853 1.6808527599138663 -5.094184946730216
IMG_1111.JPG -0.37540223079333224 -0.46778753636593473 0.622133600212266 -0.5031876085745788 -35.183133820145926 -1.302084893744439 5.379409533454923
IMG_0827.JPG -0.16569193556432646 -0.1737617790173394 0.6887166625160275 -0.6841216159532306 -14.517973064909164 -0.3697344260767288 -9.665615935648853
IMG_1093.JPG 0.15312767250570503 0.19415791513274416 0.7513719997443815 -0.6117963206038592 30.97083116101067 5.222269451491821 -26.041923893693124
IMG_0929.JPG -0.31960667800872655 -0.40899072185666474 0.6653250911149582 -0.5365824111357587 -9.11680307529339 -3.8981015711584326 17.22703318109324
IMG_0943.JPG 0.07328306033368959 0.07850004887519989 0.762313497036526 -0.6382362161697368 -14.206960211299167 -1.4895545338843128 6.330209626234245
IMG_0941.JPG -0.015348078420746819 -0.007890887195257178 0.7680220044012062 -0.6401908864890332 -17.269200990076435 3.4168324909741425 -17.745205125019865
IMG_1009.JPG 0.6192957226089681 0.7402231499889522 0.20501922549012347 -0.16281773047828066 11.880809373528034 -5.413818219660323 29.96172454818765
IMG_0984.JPG 0.0061486054278429535 0.01977599009624354 0.7556024054489486 -0.6547030699078545 -4.699676095254373 6.312863078048146 -43.557579381819494
IMG_1098.JPG 0.14454767586675124 0.15889729337620234 0.7738634507983899 -0.5958128725343599 27.33938990296446 8.91622450220415 -31.490757159528208
IMG_0989.JPG -0.021336493440119213 -0.013631020297769995 0.7506544867248517 -0.6602096567706124 -8.548815118570781 5.564366790026653 -42.99776592190842
IMG_1066.JPG -0.05126498292804208 -0.06065033159163149 0.7634646295947117 -0.6409486704573326 -12.803524663217988 0.4920505764543163 -2.9789515514932154
IMG_1058.JPG 0.5914118712974085 0.7241872194619887 0.2672794768151311 -0.23312346713671014 7.4060193152629505 2.822830433895354 -15.27557550015588
IMG_1046.JPG 0.12749132218483905 0.15987264041921373 0.7397669113173264 -0.6410394828190954 -8.679111659929339 0.7923356980151646 -4.588595865368403
IMG_0847.JPG 0.4023598496231979 0.5308388773445892 0.5918052319333117 -0.4539638809058411 1.7186571552429073 -4.159758710221202 14.797390000560046
IMG_0813.JPG 0.5790181447283058 0.722136420546576 -0.29512225562770017 0.23698065834322296 -7.588863871363427 0.563343747149015 -2.702607886989966
IMG_1114.JPG -0.43409572208610253 -0.5225422928580468 0.5706616201096586 -0.46136294993748767 -53.16074580734161 -0.31610033974663526 7.326297465734226
IMG_1055.JPG 0.6370029510993537 0.7576188628712126 0.10224141075299287 -0.09893226389648883 14.070480278657907 2.0161840675727523 -13.514081070789219
IMG_0933.JPG 0.2938371863434523 0.36683967342188845 0.6806199019730804 -0.5620008104652863 -2.1067145228961235 3.419239972363879 -17.24137092740463
IMG_0802.JPG -0.1722752623909406 -0.1647394775716745 0.7334892499728743 -0.636534098593135 6.553329930606602 -0.11894797958271529 -1.1123521433020762
IMG_0804.JPG 0.3778990482251136 0.49825347410753285 0.6206134668430643 -0.47304831641531053 0.6680966748170754 -3.0701910730303035 11.009526162175929
IMG_0976.JPG 0.6224954501167649 0.7769161523560839 -0.06343995783693125 0.0698289233899107 -0.3956281540691242 -5.5278601159043665 24.460142936240956
IMG_0950.JPG 0.11706687948462993 0.1304977716687035 0.7582562053997568 -0.6279436314590635 -3.4751784700980513 6.077024437620845 -32.85493135139656
IMG_1040.JPG 0.47057342388215895 0.5271085301321143 0.533620131642678 -0.4647222883652509 28.944132960889924 0.8334842959226647 -4.693162500653326
IMG_0907.JPG 0.4235739592725558 0.4767676465579537 0.5770983033918806 -0.5101325910427343 27.51049664006794 1.2577220677622793 -10.589074531730672
IMG_0861.JPG 0.5353883846906008 0.6402148160203405 -0.42383350152668603 0.3519224770742255 -51.502424512174606 -3.6705174351031165 21.756646299308304
IMG_0739.JPG 0.4403471346662261 0.5339611144131305 0.5575742315800428 -0.45835674486567407 17.9099821631222 -0.06894605055816966 0.03165446717895248
IMG_0966.JPG 0.07584282386749719 0.06849440408272738 -0.7277209322797631 0.6782172420390301 -7.000052308075719 3.211057847927425 -9.506704845475195
IMG_0870.JPG 0.6369599204076356 0.6629726650988471 0.28654387555973554 -0.26952163643246957 17.69300594899188 -1.3004922315104144 38.59887568752675
IMG_0925.JPG 0.6205055292563488 0.7486214607044303 0.17296529505572286 -0.15691336285144816 15.62551047772699 0.40634728490650457 -3.595245188972361
IMG_1065.JPG 0.009639668017830139 0.021726200980561966 0.7744720256319928 -0.6321614750243294 -11.939082466840173 1.383094042765942 -6.218806700719726
IMG_1022.JPG 0.5021588440597513 0.6132250325259387 -0.4600993577688175 0.400125150167865 -28.434093799817344 -2.4392805748677655 9.07916408393252
IMG_0828.JPG -0.03998566362270509 -0.058808252336413666 0.7168991569487602 -0.6935404349624795 -10.321538696446488 0.4745146840909137 -13.748289481820098
IMG_0918.JPG 0.5979896709186515 0.7203248441174096 0.2826093571251182 -0.2089794814979691 20.42319217042874 1.149908581210761 -3.2149216833893064
IMG_0931.JPG 0.34113480628675 0.3874926232123472 0.6340385884919725 -0.5757356851879369 -0.37191987246634123 1.646585830333008 -17.684368802066427
IMG_0974.JPG -0.27814423134945376 -0.346753121854989 0.6990361519429494 -0.56013080376608 -16.93135915304515 1.7089569809087362 -7.205844227418764
IMG_0998.JPG 0.5662183811593574 0.7138586170236481 -0.3155091095551096 0.2650596565418902 -37.74019353146379 -8.8032293519887 35.33725935070118
IMG_0937.JPG -0.003376597016093005 0.022810002901462047 0.770635411499538 -0.6368589835302343 -12.208345005807326 0.595256307663346 -1.4039864827325501
IMG_0944.JPG -0.015992989933032786 -0.042665313915078155 0.7694322790604042 -0.6371011404804129 -19.305205906375278 4.1036518817145415 -23.945930474428152
IMG_0946.JPG -0.07342433696036625 -0.10232569536268772 0.766961294675768 -0.6292127551788362 -22.501739511280565 3.895054191247865 -20.249274285926
IMG_1085.JPG 0.13698958434956474 0.21475853836216474 0.7508726854344446 -0.6093462351149337 34.7965198869132 1.8449983603597848 -17.135328864828654
IMG_0809.JPG 0.5103046805923043 0.5891882455151483 0.4821847909898998 -0.3999302084744213 -0.8962174959096133 -1.8644927804888556 11.424208551550354
IMG_0961.JPG -0.015864413493431883 -0.007731449735582397 -0.6343139412735685 0.7728740964578182 0.3636752423504174 0.24821859350731365 -2.491379754088019
IMG_1036.JPG 0.10528819871365377 0.08935830090047989 0.7617812269576656 -0.6329445880380746 5.812252079922842 0.1396458437037489 -3.2762807779594203
IMG_0807.JPG 0.32037555920971605 0.37103603449696154 0.6700493676953604 -0.5574276697625263 4.533062279028282 -1.763971613664802 10.480577453736792
IMG_0810.JPG 0.6060287122586685 0.6672925381671845 0.319641042012085 -0.29202649312335605 -6.163640052720242 -0.9004050461637376 9.962022738306093
IMG_1061.JPG 0.12499067062451463 0.1588530207183647 0.7665493377609843 -0.6095450457871693 -19.20565897463432 0.42221656785301487 -1.6800134081307898
IMG_0962.JPG 0.12047448405410031 0.09556306371874537 -0.5749545929666336 0.8036048877222927 0.25391488192067685 -2.212980760190042 2.974769626749869
IMG_0831.JPG -0.08749620301128586 -0.120872679734628 0.7362174490465005 -0.6600894465690539 -15.653595343035706 1.6605289168483315 -18.71264076237493
IMG_0843.JPG -0.4432474195519866 -0.48332805618146285 0.5642761860624701 -0.5015158033513454 -43.55500138502932 -0.4221325650904071 3.4765688395458074
IMG_0845.JPG -0.42297372613808804 -0.5077225560030948 0.5675911935182693 -0.4910715529971693 -44.37205891727728 -1.644124705442845 3.9273767837384663
IMG_1023.JPG -0.43116837129150587 -0.5404151458652933 0.5498382302844591 -0.4687464413036955 -29.15443626070993 1.5354306917244511 -12.132637278480024
IMG_0747.JPG 0.5545638049349558 0.6958507141872474 0.35895823278365674 -0.28177962477439045 25.328739202139232 -4.306565870300787 18.457551147864343
IMG_1053.JPG 0.573960270205789 0.709142868781696 0.3237842129698549 -0.2506985905681482 5.299183817498316 3.5973291043868523 -15.961244641237313
IMG_0819.JPG 0.5635715113989913 0.6648799160203998 0.38061886561612 -0.30895165956709203 2.530347015354559 -0.2641443527607821 1.6305865667792434
IMG_1086.JPG 0.02889816585582902 0.039095560225854344 0.7884227240496847 -0.6132096227089635 25.037330138889267 7.21197730073432 -28.91807193484711
IMG_1103.JPG -0.24058786577035124 -0.2768522172614183 0.7195682346917868 -0.5896540377747362 -13.103076888364695 7.293380657401033 -37.82147209267942
IMG_0917.JPG 0.5991181427750633 0.7983496296233346 0.03929473163563306 -0.046381504327994906 16.65154074482921 -2.598961489762993 7.852793002309226
IMG_0963.JPG 0.02899705432694129 0.024708240743077682 0.7288124457630061 -0.6836527573122819 -0.47564136686967007 -1.1626417020514799 -7.853681686062031
IMG_0860.JPG 0.4833212820262446 0.5608031096307396 -0.5116241096519197 0.43605180998578885 -55.851917884330284 -0.4447398965014424 5.469985291358338
IMG_0829.JPG -0.18779540248215043 -0.20256114726398236 0.6919083751018777 -0.6670567208937668 -15.021850541836425 -0.09942353301030883 -8.468901382833591
IMG_0758.JPG 0.42261372576741857 0.4964754933755125 0.5908235071138949 -0.4752234282021032 52.4448303364282 5.804004700792182 -22.35106840355364
IMG_1030.JPG 0.5679779251535418 0.7387118627354289 0.2844621943601193 -0.22535997952621503 14.17394628940045 -5.799162596955902 21.252912868882355
IMG_0765.JPG 0.1657033046062225 0.17976801620134944 0.7297362752255331 -0.6385223910040845 27.239471155072312 3.1841627983820247 -21.454324735390305
IMG_0909.JPG 0.4713665195142987 0.5230611852218794 0.5289243428659974 -0.4737717175170239 28.938123549799215 0.5244189984180728 -5.574991074204608
IMG_0927.JPG -0.3941095340244914 -0.49804869127266105 0.5877825743240798 -0.5011355322001682 -3.5456566991849523 -4.0351180265352 19.026676328763504
IMG_0820.JPG 0.04511166532158468 0.021633375334588922 0.7643357781294732 -0.6428746012985416 -6.2322095316131785 0.11388691329894876 -2.2069176705725013
IMG_0971.JPG -0.15674190276431968 -0.22179508897493438 0.7551372195925565 -0.5966629651741802 -13.485606919242102 2.7423506940330107 -12.852854214964594
IMG_0911.JPG 0.6606064164369585 0.7244003412785197 -0.07956105992261599 0.1803145747350274 3.3198685394283385 -1.2872611008709385 31.733888161875456
IMG_0977.JPG 0.5591811149605161 0.6989302197640949 -0.35277520762004955 0.27269521715765405 -17.720865391623498 -4.015295568612077 18.372971840374717
IMG_1005.JPG 0.6487040621187918 0.7600793974276162 -0.009996301373127067 0.03691101943196915 -9.7417807743083 -8.184115956043671 49.23749722202086
IMG_1092.JPG 0.0552336979667572 0.04554152369017714 0.7921258681560153 -0.6061450463601707 20.14922313347492 9.853059282111364 -34.444598981549476
IMG_0853.JPG 0.5556497426549513 0.668242091735972 -0.3765473052171217 0.320808349725411 -40.07938367756707 -6.578531887006443 34.274782078326304
IMG_1007.JPG 0.5949767327569303 0.7298513095210091 0.2716938367290755 -0.19875163534368825 16.46636933234511 -5.527738922306308 27.684097741965555
IMG_1109.JPG 0.5450875872818961 0.6822671596172645 0.3802954741260605 -0.30457576636729616 28.83724183045474 -9.385493962196598 40.741211854876795
IMG_0953.JPG 0.6594707925764312 0.7366199917700289 0.10911768443823983 -0.10287172792450107 30.292897434082985 -5.329181015440626 47.40524975072189
IMG_0940.JPG -0.09537719535923377 -0.12008434185137783 0.7647225406952842 -0.6258453300936885 -21.536231524760563 2.3791006453295456 -12.502652422696315
IMG_0874.JPG 0.43857732186648163 0.5014454437802252 0.5562317744511862 -0.4967983622631651 32.6654537869998 -1.6022366139727326 10.506172288190653
IMG_1112.JPG 0.3639282617789729 0.6035638658038094 0.609522348698032 -0.3629729833088576 52.82497842019866 7.338108381721414 -10.958523352702437
IMG_0979.JPG 0.5852692568302362 0.766607560440867 -0.20850339149911748 0.16216991403355496 -8.900447737847008 -6.457126252453325 23.059680945878178
IMG_1097.JPG -0.28563102036527505 -0.3447891741445333 0.6992272606944218 -0.5573298695562593 -28.25867932046165 1.9543034181308983 -6.885143971840512
IMG_0901.JPG 0.6638673993925683 0.7209435821112449 0.15101521692797906 -0.1292858526388418 7.536909701506696 -1.5609915257994669 20.456928968441204
IMG_1084.JPG 0.11707447577971021 0.14904966481964216 0.7667320525737666 -0.6133512240911223 32.30556861944376 4.600433911456268 -21.106990458963615
IMG_1003.JPG 0.6218410781690714 0.7816765916330762 -0.019445026542469983 0.04378664793275252 -10.882599363679123 -11.561148230449923 48.70538285876274
IMG_1035.JPG 0.18309947654575437 0.18608818445694003 0.752489198042338 -0.6046534347242151 5.851247235106343 0.6360815770982158 -1.7320581194334763
IMG_1028.JPG 0.5659613322541065 0.7446390958638138 0.27903644912680275 -0.21757538317324235 13.68243416972912 -6.147587698058394 21.555598218120362
IMG_0881.JPG -0.17198112938126317 -0.21145132006474535 0.7251642539376703 -0.6323350656025997 -6.3271025073584335 4.631424015038075 -32.85204452688642
IMG_0930.JPG 0.3471513232753443 0.39988518192875694 0.6376004730705587 -0.5595028478588677 0.31048035835901217 2.2603480814364185 -17.67242981833715
IMG_0884.JPG 0.20207797872327343 0.24990407280387283 0.7147592478784967 -0.6211534934968321 18.80841002698452 3.560718335361347 -26.697755023936647
IMG_1080.JPG -0.24424784187007312 -0.586277323547056 0.6858082344321531 -0.35537157627104243 4.146940643436858 8.308894156762744 -8.262946284026048
IMG_0812.JPG 0.5161782339122062 0.6574461225769554 -0.4291301913348564 0.3423038206458001 -6.183266001242908 1.2170996459796382 -5.3517581687720925
IMG_0920.JPG 0.6302273032152206 0.7529142778281602 0.14819304939824257 -0.11820514639651067 20.740403157721307 -0.6115641929286 4.04166820182375
IMG_0883.JPG -0.43585805338169875 -0.5051252304791736 0.5563875794641108 -0.4952869070081971 -43.81974081817783 -3.1551784068264555 12.993476333427791
IMG_0902.JPG 0.17433596201894702 0.19006185106832452 0.7140678985421647 -0.6508383066376684 6.089219900920869 1.0883293213542022 -9.515150868526653
IMG_0958.JPG -0.4014768164327227 -0.48934361486017974 0.6019096411036192 -0.4868921609649637 -57.40199148172746 -0.9637255169994725 6.723983039937812
IMG_0857.JPG 0.5269408160727352 0.6253743866864486 -0.4396784297458813 0.3713800361480737 -49.91526809247632 -4.572348878427121 26.389723076936168
IMG_1070.JPG -0.12320863252691817 -0.1413963654351255 0.7646788516380155 -0.6165167917990146 -20.527544227241535 4.079202643118032 -17.588317501305617
IMG_0939.JPG -0.004451720944013803 -0.0009528644674736911 0.7728996668587124 -0.6345119220311268 -16.900635471211153 3.6441582614279486 -18.144287982256927
IMG_1017.JPG 0.5979064013777877 0.6676560205935922 -0.32632033011976297 0.30043038379485126 -30.99919686544411 -3.148628282544061 26.96918868632667
IMG_0771.JPG 0.3697731666577382 0.45186712339750973 0.631507825607676 -0.5101781788832542 34.6477710494684 -0.45350877606751205 3.071841928127275
IMG_1083.JPG 0.1979094237733926 0.26584670293535234 0.7392490234820601 -0.5862322677923043 37.088247096853465 1.9225850411829861 -11.131825664107625
IMG_0770.JPG -0.014623049589737144 -0.015905829544949308 0.769474890189537 -0.6383114947852521 13.176719663013222 6.16275082493529 -32.603924980727264
IMG_0880.JPG -0.06657831814433408 -0.07542725854888356 0.7462119774610172 -0.6580621102256158 5.8105911200974445 4.324066248546925 -33.39635778635073
IMG_0774.JPG 0.6004291194947207 0.7286089641634406 -0.25159831100174485 0.21286648328128266 -35.86996460715592 -4.16438854952596 20.68068527202792
IMG_0844.JPG -0.2885763648576793 -0.33323061258125813 0.6740696346706833 -0.5927150817207021 -40.606033330457464 2.3948902677266224 -18.93243559624883
IMG_0913.JPG 0.4714023448618128 0.5715549939328484 0.5233730475781775 -0.4209339274018386 12.05360892450608 2.5033949856170863 -11.190081661985603
IMG_1013.JPG 0.2309281904968441 0.28731124302595246 0.7308247603003191 -0.5744733154783752 25.217191744883685 5.692400758429954 -22.68874663445257
IMG_0840.JPG -0.365749516465755 -0.39031118421704075 0.634988388488498 -0.5573815723227122 -44.795444853425266 1.5250949111605212 -3.8562054719749015
IMG_1031.JPG 0.6822179842488483 0.7308369843936828 -0.015367737820899618 0.01482419792276368 -6.323055464608644 -0.8647946030702159 10.194642383548114
IMG_0973.JPG -0.15884940986866466 -0.18649497960827877 0.7432046788310905 -0.6226020341509174 -12.64728472023009 2.270267884045823 -13.641388873966301
IMG_0859.JPG 0.5137105478788087 0.6120723209719768 -0.45409233778877534 0.3940419973296713 -53.94154676532321 -3.274673023448385 15.245304117097387
IMG_0757.JPG 0.5516429418153643 0.6728975926193168 0.38628213450079146 -0.30608006658051345 54.75868541042455 -2.4499592767530998 15.548869127149166
IMG_0738.JPG 0.1827639782144965 0.20579410766553366 0.7253416440597658 -0.6309719588936059 10.690632189470247 2.2417278351408485 -15.05652450362315
IMG_0839.JPG -0.1497245224467741 -0.17421787383991608 0.754884888450676 -0.6143122211071457 -24.67585552569971 5.8104457945224866 -26.758349727433046
IMG_0764.JPG 0.33751961045521583 0.3759622771117699 0.6495414569408728 -0.5681802306154441 42.373304225610994 1.4835230229652714 -6.962737844969607
IMG_0965.JPG 0.04927630123463452 0.027318154107205464 0.7319884551528342 -0.6789834063626116 -0.1783708054248293 -1.2339895726164725 -7.860914183437107
IMG_0948.JPG 0.1212758706865463 0.12026001959376874 0.7660205347676508 -0.6197114096019284 -3.8581471848490425 6.609505391970342 -32.72484512403946
IMG_0906.JPG 0.4703653043068963 0.5425289150163504 0.528613165924029 -0.4527548759397721 29.12189186368892 0.7211924540364631 -4.386402490259085
IMG_0867.JPG 0.6418029251569731 0.7635915697456962 -0.04102037363731979 0.057742954720987935 -21.7516368576574 -9.18744825509111 49.3925078088949
IMG_1072.JPG -0.029303994148143997 -0.036366976965781 0.7893844171592658 -0.6121200542862995 -14.63604240466179 5.760633199804026 -22.34118333234256
IMG_0955.JPG -0.28439565562269314 -0.353025412306188 0.6862574962472465 -0.5688082437636142 -55.52922653899616 2.862250064185852 -17.57686189501025
IMG_0892.JPG 0.5672051127178567 0.6547812575521704 0.37278037793957414 -0.33252767507134 36.36504077429875 -3.126116593069915 19.430117549125796
IMG_1104.JPG -0.14749718146637758 -0.15492935319818577 0.741208967466561 -0.6362788252992714 0.4213452785556292 5.779720614419949 -41.221198087948096
IMG_1102.JPG -0.4333946713169101 -0.5288790072668822 0.5774873274163338 -0.4460543029946516 -42.62713488378222 3.9533436819962224 -11.77609178611073
IMG_1095.JPG 0.24167997293687135 0.7525078788640216 0.6106683936861229 0.04905910600097034 17.491411551954798 6.741244650874535 7.921973558073991
IMG_1075.JPG -0.34505269567839714 -0.4792111881545254 0.6398195734106387 -0.4918599270455232 -24.617095126207367 4.593345494162292 -18.328247400615936
IMG_0746.JPG 0.2792396118037631 0.35761042413509425 0.6964962246971331 -0.5559073958243794 26.67225423447383 4.209266943846675 -18.43360850210033
IMG_1019.JPG -0.323027297583249 -0.40869725247361993 0.6536314719707319 -0.5489861744032835 -27.507885627468873 1.5586923258845784 -12.308064278385656
IMG_0846.JPG 0.42973886822585766 0.6137705237849955 0.4797075503612601 -0.4566080544570482 -2.483215238943632 -3.6161211879387833 15.106830362279508
IMG_1105.JPG 0.47606464440788904 0.7329519889681061 -0.4065179010840992 0.26624618741057327 -45.54565844983573 -3.3796790417406584 10.468362557063786
IMG_0985.JPG 0.003609292720452619 0.011418782903088091 0.75567569481943 -0.6548364900204038 -5.537151926299859 6.250692167543881 -43.43639948143152
IMG_0972.JPG -0.288077350793306 -0.3792906651214434 0.6898586441277018 -0.5452018731020034 -17.253177938789943 1.1592246646259767 -6.19876033426639
IMG_0956.JPG -0.3937471698481771 -0.47939228318663607 0.6016749974780694 -0.5031236453074129 -57.69059314612625 -1.3691170157189456 4.859334793648468
IMG_0821.JPG -0.08045609790672112 -0.11203800734083849 0.7532418159455205 -0.6431182379094941 -6.252044230672362 -0.25176544553169705 0.08214963968065625
IMG_0947.JPG 0.22992699218617205 0.26550788877256865 0.7355431855839888 -0.579323192531346 8.476899127834237 7.45045348584438 -31.614822139671183
IMG_0756.JPG 0.6470659260716739 0.7620888277851415 0.009943193809948729 -0.020674592594191684 17.04184518621115 -9.180323554069457 53.294202701756625
IMG_0914.JPG -0.19558728007287374 -0.20832859297950032 -0.6381016497300647 0.7149623051830406 -11.64585717064505 -1.7132124297774234 -12.98646981473979
IMG_0865.JPG 0.6031471156673935 0.7485301822904834 -0.2121035011160838 0.17586423137346255 -39.75187958554559 -8.814471718435135 39.863138804251285
IMG_0855.JPG 0.37319007128243503 0.5006129739633072 0.6131755229493195 -0.4838714695574147 50.13917135151921 1.505057367437148 -10.781839577795527
IMG_0890.JPG 0.5774677753820369 0.7168591970018915 0.3089745531927323 -0.23912044151113057 30.50120914057572 -5.604090477467109 27.145796211997748
IMG_1020.JPG 0.43397993676994057 0.5474777168380447 -0.5449018370114933 0.4636933815232433 -30.147232732575528 -1.187534413410926 0.5840943953485639
IMG_0759.JPG 0.21511865772730274 0.26006000114190064 0.7277568576393869 -0.5970449857946413 24.137584155960145 10.181146128598137 -51.37583043084598
IMG_0899.JPG 0.6742326956656026 0.7096645272581783 0.15199432061794937 -0.13669037035142495 7.832344620152221 -1.0427984936522845 20.17592158212939
IMG_0748.JPG 0.016675275025570653 0.021671074054589557 0.7896992056091992 -0.6128845441127907 -8.214737755110624 10.674864148532498 -41.85838578817289
IMG_0916.JPG 0.4858671982835015 0.5811033912895323 0.514913460011343 -0.40139262943294357 11.95354572835513 3.06954277834376 -10.800682069737162
IMG_0754.JPG 0.6230004552722405 0.7821940962588021 -0.002168127870391287 -0.006174765582157471 14.795160453451626 -12.548215437185275 53.347718958605384
IMG_0834.JPG 0.5640743435592859 0.6834882074394688 -0.35382509973799636 0.2991183779454872 -12.665122203036473 -3.595264448639153 19.33339805463364
IMG_0936.JPG 0.6147802575049167 0.7745355983167221 0.12290612235016948 -0.0838685102478271 17.406593326732175 -3.5195738350023444 15.366159082215379
IMG_0945.JPG 0.0025724828767726957 -0.0010666762374913 0.7641872754458005 -0.6449884127489249 -17.103434674307913 4.431324785979038 -25.46925478111673
IMG_0877.JPG 0.2770256872557252 0.33139484948486725 0.6805171119755762 -0.5918873901713209 33.75469428975155 0.76808011084834 -8.489334536975848
IMG_0980.JPG -0.01149562997136682 -0.027264255098402565 0.7884562703342929 -0.6143787273791523 -8.07829601954476 7.79891085818394 -31.499267706941264
IMG_0999.JPG 0.4977465902797381 0.5902928712033447 -0.49845717841412135 0.3941358894579876 -51.38421326064403 -0.9382738819748073 12.58764784455889
IMG_1044.JPG 0.12310207602501474 0.14518202827969662 0.7652033797466292 -0.6150055651514544 -8.861220164389307 0.8468588204182161 -4.333848907472035
IMG_0816.JPG 0.6230989988483278 0.7293671658303076 0.22138512667570434 -0.17538472205314284 0.8818139435691406 -0.4463191726227002 2.9785632714772756
IMG_1002.JPG 0.5740350854563402 0.7309480779143886 -0.29434462287108637 0.22262046412059605 -33.94590209314915 -9.112459728134422 38.82857097651811
IMG_1064.JPG 0.12291750252276419 0.1653405312753721 0.7682353413907319 -0.6061091127259262 -19.140227231288826 0.5876898270678687 -1.7772799504765153
IMG_0854.JPG -0.42238866207328457 -0.553617778623358 0.5643711284578671 -0.4433738859103837 -56.41609982466254 -2.435862404518167 6.206759389604663
IMG_0882.JPG 0.17085451330214999 0.20137738733756422 0.7495699198376986 -0.6069603104222616 15.40229102854312 6.18612962961457 -28.32626328817418
IMG_0900.JPG 0.6986958527019154 0.715317170913707 -0.004441204696687739 0.011212765671057376 -1.7234797467041048 -0.7406439196504623 21.760154665688564
IMG_1006.JPG 0.6378806172700661 0.7621731269494664 0.09158216335701067 -0.06175070867675714 4.794993313314789 -8.952112301168807 50.10876241680202
IMG_0768.JPG 0.5139676458905671 0.5902162717296083 0.46279960703363937 -0.416291406700666 39.45517443443031 -3.499000995932911 23.55628937214775
IMG_1052.JPG 0.603044086974104 0.7789748183371543 0.12751033654787827 -0.11522662728559295 13.214574010985059 3.2495000703934545 -14.15607172093461
IMG_0767.JPG 0.6105299391516976 0.7430256901717921 0.20441785406837729 -0.18270018632239082 10.635920875873577 -8.446108320258777 43.797074595960055
IMG_1101.JPG -0.4077142852346842 -0.4854616773706819 0.6101144910277008 -0.475243442098915 -40.739382592537225 5.284718587617177 -17.09909586926755
IMG_0926.JPG -0.25674508685302483 -0.36769764063437826 0.6984972411818491 -0.5576576095688912 -11.901981365291409 -4.445058123879214 15.368624090889226
IMG_0743.JPG 0.6099972331064987 0.7209190569279643 0.25715291323054124 -0.20506454636908047 13.883789915269569 -3.0299088945150308 18.80121568903912
IMG_0915.JPG -0.030577238189425874 0.06336895821679348 0.7356946145032616 -0.6736489010086215 -16.73030599008796 2.7248564580617542 -6.8606430837008725
IMG_0751.JPG -0.057508289986392264 -0.034623064980648474 0.7728420457051683 -0.6310382019691331 -17.20926401991161 10.275042437811575 -48.51461031868631
IMG_0742.JPG 0.48339951058145186 0.5444886226273361 0.5235954036027161 -0.4423854725520588 24.21130556716394 0.11498817769809419 2.3191785749906066
IMG_0952.JPG 0.6224080301683221 0.7523162789917974 0.1702494557076708 -0.13282915032916526 36.322007013752774 -7.677093601999419 42.52732858869946
IMG_1096.JPG 0.14764489246121562 0.13745151497305036 0.7592177157038897 -0.618786333820565 26.262612716209695 7.466467557259501 -32.56651956315702
IMG_0868.JPG 0.19325768541648627 0.19126736611295522 0.7150359924282991 -0.6440433147077551 28.44047486206604 2.763655114403755 -19.774246736202997
IMG_0897.JPG 0.6600842033375794 0.6938856253998507 0.2138088397754928 -0.1926067584523141 16.92048608179871 -1.002786523005935 24.432718596130847
IMG_1110.JPG 0.43908720875028345 0.5665491553269377 0.5545433654404093 -0.4227364824051078 46.035289160986125 -5.383009582568831 20.89047737122572
IMG_0830.JPG 0.015103754529829868 -0.0046514634336568186 0.7624631917897546 -0.6468385591883093 -9.4920116214372 3.416612603861402 -22.26622779648567
IMG_1078.JPG -0.4228667348958997 -0.5410948426713191 0.5576223336703587 -0.46632330924478266 -28.224466290477558 1.602409489267124 -12.110019822527972
IMG_1039.JPG 0.5168506329174335 0.5982154577848661 0.473925916133909 -0.38781170087650557 0.7721064373011439 0.8236898760746603 -4.601835950582545
IMG_0745.JPG -0.17031269416443007 -0.16913688833314028 0.7318777882541152 -0.6377626535567134 -13.796849323741801 4.151393444848362 -28.54591198309141
IMG_0990.JPG -0.14349951719156737 -0.15045291815984713 0.7371114585620084 -0.6429918394813123 -23.33921691360379 5.217902356389696 -36.9242961183289
IMG_0864.JPG 0.5694323475009205 0.6929915811410767 -0.34013877669587794 0.28251563262059015 -51.72786817764774 -4.845161373312135 23.868996028947393
IMG_1008.JPG 0.5352974260918822 0.6463257515033238 0.43341541354996926 -0.3284368552102211 27.462003303621756 -2.7216579352097647 17.650961220480692
IMG_1024.JPG 0.5167994263724702 0.6173157204208246 -0.4492022649820012 0.387371887670548 -31.2256616955457 -0.22392137259478387 -1.561751995476574
IMG_1079.JPG -0.3674538434490458 -0.45863611964708956 0.6193673342866148 -0.5205907105474292 -21.31906228231953 4.768787183097821 -27.975818304001052
IMG_0856.JPG 0.4471944615848983 0.5235070265112964 0.5365442515232696 -0.4879321396243841 51.300743317370234 -1.2205671135091616 -2.3052200500266173
IMG_1060.JPG 0.27080095605867677 0.3454371785874903 0.6951528927016265 -0.5692999680447751 -16.099914321655493 2.4434185057950373 -10.512692002506489
IMG_0978.JPG 0.5609279304648506 0.6996029995123401 -0.35042007314418294 0.27040945293273533 -17.66596028490538 -4.002113725237554 18.489560169265634
IMG_0848.JPG 0.34205075531239926 0.5544530006878392 0.6371517075449312 -0.411850521902118 -1.1491789477350738 -7.072336237628129 18.529258630960985
IMG_1045.JPG 0.5384625502326511 0.6800906167873911 0.4121620575459111 -0.27867054611891884 28.621168627275363 -11.597369175675102 48.81603975339321
IMG_1021.JPG -0.43192422415756443 -0.5113511436015613 0.5583890315066335 -0.4900644467989338 -30.03351431039817 -0.3465390966172998 -1.4934029621838163
IMG_1034.JPG 0.6445788357498927 0.7185650124185217 0.19583185339687584 -0.17272038856610947 0.6735404452953734 -1.4308197511828673 11.552194682311308
IMG_0744.JPG 0.4389084390332324 0.5816910426213123 0.5330246993295104 -0.4299762586285754 54.76962283259674 -6.3691584849357055 18.496924002109733
IMG_0928.JPG 0.14486461540536258 0.13511687727750293 0.7392738323498755 -0.6436084784097866 -16.594226463787656 0.08597033543703948 -6.1757260364798245
IMG_0896.JPG 0.6918841600869435 0.716594449505621 0.06884207469405115 -0.055222031023313835 5.749277955562419 -0.8114796968166927 28.614818884742945
IMG_0960.JPG 0.1276070347581679 0.10515842283913024 -0.5800977217126396 0.7975868504746169 0.5241835661295562 -2.3307169025457957 2.9572440185092415
IMG_0981.JPG -0.15959281778623907 -0.22356048961578137 0.7493478569423019 -0.6025185717384824 -22.265118454671722 4.743972544301787 -24.2246620227507
IMG_0826.JPG -0.02989123155429322 -0.052349044525797056 0.7095886137235289 -0.7020328276422156 -10.079193661597534 0.12002163293050278 -14.00569616097991
IMG_0869.JPG 0.6527129148262903 0.752832676850958 -0.05257952856570433 0.06666486826055547 -23.29377210087277 -7.5694368955294955 49.144999169569765
IMG_0875.JPG 0.32205774766939804 0.37123812409897206 0.6539035913825229 -0.575214008486085 34.384792283566924 0.3852207320648059 -3.9657016926244415
IMG_0866.JPG 0.27242049685735176 0.1984780515722855 0.6918415212536516 -0.6385521477573274 30.521024598969817 4.091660778415184 -15.963263529753362
IMG_0822.JPG 0.07297374220251951 0.07647147114265783 0.7602618258323505 -0.6409593616075032 -5.957996353590733 0.35775632910989624 -2.912119671724036
IMG_1077.JPG 0.6416330589006577 0.7428196659976293 -0.14205426831438722 0.12785361311523236 -32.853489397886776 -3.817832730657022 23.69566150676066
IMG_0919.JPG 0.6489585451278644 0.76053715320264 0.020381115971759893 -0.0045448229553439745 15.941154385185374 -1.135083375062007 9.692017958976905
IMG_0842.JPG -0.3010587418510802 -0.332447430784251 0.6839307174848215 -0.5753964836533962 -41.16429249226347 4.094631557587357 -17.858616865635348
IMG_0889.JPG -0.239248835050546 -0.2294871934177869 0.7022713014148829 -0.6300084461284869 -20.470433240618124 3.552462491312381 -28.919573462422854
IMG_0997.JPG 0.47416225473549506 0.5890911946828252 -0.5153552078196972 0.40317580570320727 -52.009229757036906 -1.6497947059815308 9.968890162537749
IMG_1048.JPG 0.5169372935957384 0.5914932668926347 -0.46718108371497885 0.4057750420238893 6.044732115853725 -1.6916478007666667 10.74363860007175
IMG_1113.JPG -0.44952248914030185 -0.38404572884461835 0.5858273320919961 -0.5542966235575378 -20.481651097927486 1.9157568495477602 6.004713954867117
IMG_1087.JPG -0.41156018540507694 -0.5298371840522853 0.593107109017227 -0.44510080815261444 -45.28873854629377 3.5991997928822133 -10.35045176157758
IMG_0967.JPG 0.005955565801903893 0.009711236508226374 0.7548189097978752 -0.6558343057000046 -4.800933065763895 0.8549388310004686 -6.331550550479725
IMG_0996.JPG 0.4741031627463717 0.5868743631085727 -0.5171879490297159 0.4041302987629498 -52.057858640353516 -1.44973730050586 9.69403507609838
IMG_0991.JPG -0.14005339093475966 -0.14199271172051967 0.737701062955841 -0.6449963249660818 -22.597885651218625 5.162658238956548 -37.52763849169859
IMG_0885.JPG 0.1111070891089229 0.13212756384102325 0.7486849085100072 -0.6400534582302801 10.067495851172154 4.797288419205999 -31.008867771774117
IMG_0814.JPG 0.5799867093679204 0.6225300759254243 -0.39549865584959387 0.3459082750470439 -6.335441157311421 0.6313703033089516 -5.048580207025634
IMG_0766.JPG 0.6359387723410369 0.7715458864846625 0.01646008363414126 -0.005280959072655751 -13.29331058394593 -8.416664870918439 43.134647565835344
IMG_0851.JPG 0.5659935771294812 0.6733692169135386 -0.3621859411587996 0.3082961439725395 -38.764867751594 -6.394298138887635 36.044629537909366
IMG_0824.JPG 0.024899369294917994 0.0005206096182921743 0.7597907907804238 -0.6496904683151801 -9.06118660021669 0.9573795014830307 -8.547532750781853
IMG_0898.JPG 0.6862749092952315 0.726703355916367 -0.012415675955716092 0.02783581078890159 -2.5830151112401207 -1.5392527360949593 21.638092725033125
IMG_0975.JPG 0.6031887158960382 0.7549069295898441 -0.19200639547991613 0.17150056783501882 -8.7947792218391 -5.490337302194558 23.21802291747203
IMG_0736.JPG 0.009701800892463823 0.016295074958139692 0.7795665508060621 -0.6260322183848775 1.4074580929994345 1.5428101383946744 -7.014889053329254
IMG_1091.JPG 0.16507866431703055 0.21055777433275769 0.7672336655053487 -0.5828953257408811 32.039497276885726 7.059968223826783 -24.31357788898515
IMG_0850.JPG 0.5035994232669088 0.5747746589287284 -0.4794295474637018 0.43147308300443304 -50.29147743833156 -3.1697901379145286 18.02222294208132
IMG_0954.JPG 0.5981839270051407 0.7042998946686523 0.2860789398846661 -0.2535675215734466 49.26421178859756 -5.054134838199779 27.79039197369844
IMG_0737.JPG 0.08321327525304971 0.10465075792122817 0.7643224781812766 -0.6308208295823822 3.2359171317471613 1.4548700861566115 -7.224672130029379
IMG_0992.JPG 0.3452634952415725 0.7086546009348669 0.5524953182041257 -0.27083334135578674 47.97577439739097 -1.9820405850379308 5.431529348135867
IMG_0838.JPG -0.3240293618621852 -0.40862201836607887 0.6664062813180096 -0.5328561597443703 -45.41749091452317 1.2211136252482298 -4.599625612476875
IMG_0858.JPG 0.4700379529672061 0.5565834706463128 -0.5247494787114775 0.44036024748578073 -56.11555462018134 -0.3142346692946813 3.0112729884891243
IMG_1049.JPG -0.4388465441045566 -0.4957704297779935 0.5727561027473531 -0.4832968429970285 1.4942922314777118 -1.8891995228647787 11.998078771761824
IMG_1015.JPG 0.5842904799904249 0.686332004392313 -0.32573577959577465 0.2853930914204526 -30.420778242920004 -4.558073389730611 27.41737693802159
IMG_1050.JPG 0.5186663506456186 0.6172509803922358 -0.43750491209525993 0.39821589095024623 6.683797277767306 -1.3352031999439078 10.337542892773314
IMG_1099.JPG -0.42797401379052424 -0.5217025716584651 0.5795903863501284 -0.45688035008684796 -42.464581003609325 3.6726576022943735 -12.84762963483911
IMG_1062.JPG 0.25032077642850503 0.32815070032878724 0.708247129591052 -0.5727500590903434 -16.67640829941315 2.463619683882412 -9.50116086040197
IMG_1106.JPG 0.6967301933928877 -0.01533624037709732 0.49623333733468356 0.5177685894909881 -33.21483291295702 2.360655246260783 40.8727769270658
IMG_0970.JPG -0.09421133400309152 -0.10708690466343448 0.7420041087423386 -0.655046961678666 -5.5659812093396255 0.44481152587513845 -4.554486927158999
IMG_1076.JPG -0.4012626395362835 -0.5590425766239011 0.5802380311038922 -0.4356415027230113 -28.331592349635596 2.8176219152070776 -11.255958798674929
IMG_1027.JPG 0.604021191879921 0.7830802731415478 0.10705306054794632 -0.10238812335343168 3.0572012589420265 -6.713634604497628 24.834687541240754
IMG_1038.JPG 0.08364871585648999 0.09418884048280952 0.7343870111349975 -0.6669385822849574 5.963935408352398 -0.17767509663510003 -3.4066588695513884
IMG_0993.JPG -0.06727699344533798 -0.09886521376773114 -0.5626968165123432 0.8179680729383586 3.4835893508333964 -17.280239565259727 -43.35989240097992
IMG_0910.JPG 0.6496462301483427 0.7500342487561156 0.10776361498760158 -0.06160685539531972 19.88192711024357 -2.413041155679346 24.77531876705556
IMG_1067.JPG 0.11153947337354021 0.1280084122363282 0.7582927446442572 -0.6294163214408791 -9.730500194582413 1.5112841613677768 -8.748079332279785
IMG_1069.JPG 0.0041599958177948254 0.007016365320121199 0.7820450423387971 -0.6231685300188055 -12.146350332062426 5.4956077958812255 -23.878707178207616
IMG_0959.JPG -0.031662251017130445 -0.048552849428307523 -0.6387886367785004 0.767195672690863 0.8232768028014726 0.11467609543033186 -1.8578063877862607
IMG_1026.JPG 0.4650886584924909 0.5699047734956088 -0.5219042374407146 0.4318762042877553 -30.052378160173525 1.3382957322454325 -8.179340703657706
IMG_1041.JPG 0.5484768191885356 0.5973880008588148 0.436635734027461 -0.38942263803358323 28.90310918941458 -0.1612404594948122 4.667957716900666
IMG_0849.JPG -0.01234358893235725 0.007984131031611632 0.7489065865845981 -0.6625125010399012 -10.29542866705756 6.469272898034242 -50.893491462296105
IMG_0806.JPG 0.41358202644155323 0.4772708990476692 0.5856119464745856 -0.5081545478227809 0.5200460419202414 -1.6435202447525452 11.343580169948423
IMG_0893.JPG 0.47266087433013526 0.5455869572786287 0.5239278425795296 -0.4521351409643784 41.64683497697717 -0.2725911208284608 0.5936043338990982
IMG_0803.JPG -0.3008042891318665 -0.3526761687023741 0.6849789077556349 -0.5620855767578303 5.505740581453978 0.7013543655757652 -4.021729521179421
IMG_0986.JPG -0.11404593705173416 -0.12457797095661377 0.7394788163124235 -0.6516478601357496 -20.496310609452426 4.938076241823189 -38.874168345245955
IMG_0969.JPG -0.0038662971095681444 -0.005245361776115712 0.7416953653010456 -0.6707052430221832 -5.281688687059331 0.507787318922167 -6.227043483764265
IMG_1011.JPG 0.2442379283469232 0.276420681738567 0.721970917478157 -0.5854036516624553 24.732921122482733 5.208928115079989 -22.602973067597873
IMG_0755.JPG 0.6293666309429463 0.7763134607799643 0.015834768043571614 -0.031373788237420625 17.77439576633791 -11.479488268529224 52.515144374895726
IMG_0752.JPG 0.5857220642161294 0.7715362564393528 -0.18866681359426304 0.16145061764556673 -24.293309131669865 -12.012351337435451 41.952148145044305
IMG_0987.JPG -0.11208367516467581 -0.12319823661480545 0.742338661860514 -0.6489936481690117 -20.293549948343635 5.354592594699562 -39.04544107441235
IMG_0942.JPG -0.09446198127628287 -0.11542745083895085 0.7618847157820161 -0.6303055747365226 -21.362138050565378 2.325212994925255 -12.670297383639637
IMG_0873.JPG 0.5255853035890967 0.6043007604196731 0.4451743333512323 -0.40050030278721166 33.60026157439126 -3.728056967870591 25.880126093157244
IMG_0922.JPG 0.6259249785842366 0.7433847517881578 0.17091520628118684 -0.1624346768859488 15.619216354008365 0.18957478094261213 -3.6920058134139047
IMG_1004.JPG 0.625090973716525 0.768086565618391 0.1190760891536841 -0.07159041337033517 7.5543399682625685 -10.192323379620035 49.59988774726263
IMG_1032.JPG 0.668103800376854 0.7151076951539083 0.15772479675515802 -0.13183772124173387 -0.7335067472844192 -1.2406337885676808 11.622604324035038
IMG_0833.JPG -0.1303746722826827 -0.12754225745013362 0.7064794887746986 -0.683829035163284 -16.80637758226036 0.5174117005763802 -17.825318324245032
IMG_0753.JPG 0.5720931898721583 0.7082105637903235 -0.32301015506287656 0.25847943663655004 -31.516124493240042 -8.203970571248874 39.674965927421475
IMG_0938.JPG -0.10308066420020372 -0.09475554697869633 0.7657085944668413 -0.6277627827009395 -12.066754348912058 -0.03314875441490209 2.3056598009461426
IMG_0878.JPG -0.08047346209196682 -0.10471379303446844 0.7425338789918313 -0.6566600962420451 3.377596608726662 4.303562385272055 -33.49483131735512
IMG_1014.JPG 0.1228117556573014 0.15664235201910875 0.7777741386447411 -0.596194461129694 15.751015644332503 7.952055382023335 -29.6563256546435
IMG_0837.JPG 0.6407236677517504 0.6832564026705668 -0.25421583483674204 0.24084887193150348 -9.819557061408473 -1.7307338946895456 25.377763044485544
IMG_0949.JPG 0.24449255935204284 0.28949840204852917 0.7061127769063225 -0.5981795799945689 10.423544472811981 5.212395899444075 -31.514247818732027
IMG_1018.JPG 0.6397871797648548 0.7448471355337883 -0.1333674058585581 0.13449254384613085 -12.348033748909263 -6.1052592539572155 38.7945348993356
IMG_0805.JPG 0.2763854739966697 0.35648521122755317 0.7097755618908365 -0.5410619333146905 5.425452293462452 -2.628655484534877 9.806642017762083
IMG_0968.JPG -0.12058658114965753 -0.1406403136994391 0.7413753269390672 -0.6450130256166555 -6.510749353597628 0.7356597700176809 -4.060968293272389
IMG_0891.JPG 0.5239883844638262 0.631031614141493 0.4496715714841634 -0.35359687880400553 39.35851243134979 -1.6519162108528673 13.009744543812946
IMG_0832.JPG -0.019468957694384788 -0.06282831124912179 0.7395944669732842 -0.669831014073237 -12.173291948554764 2.5067277977193307 -21.110871912548568
IMG_0841.JPG -0.1316114450054627 -0.147585381047303 0.7492020736109062 -0.6321338748570695 -23.37113453100083 5.116297578862409 -28.488322788938294
IMG_1010.JPG 0.5730660653139503 0.700826034691372 0.34084982159904403 -0.25349468041805984 21.684190735057356 -4.624820991202939 24.124957079607764
IMG_0932.JPG 0.19910111331456362 0.23844199755113518 0.7227861812051241 -0.6173202546001867 -8.002101068556449 2.463546623989359 -15.632797372096475
IMG_0905.JPG 0.16595788999609407 0.18547006458768728 0.7296853748153053 -0.636881533466414 5.968376125312279 1.4702321691024145 -9.560221996448824
IMG_1051.JPG 0.6072267976340759 0.7820217803273374 0.10431024317702466 -0.09400491740902242 14.199762503118828 3.0449015991582087 -13.260691746082632
IMG_0934.JPG 0.19832973870942114 0.2041255255086587 0.7387728230903243 -0.6109114505739918 -8.59491129019442 2.1849028825088497 -15.269904934943014
IMG_0912.JPG 0.5071429319881623 -0.35726189066307795 -0.40379737589374204 -0.6723969565930689 -2919.6561579627237 -4266.425234912578 7444.521774944164
IMG_0879.JPG -0.1844935172375952 -0.2377652683739302 0.7227208912742683 -0.6221770910023133 -8.313977805776439 4.956777415822177 -32.45407824986504
IMG_1071.JPG 0.08088760569849372 0.12762711625643564 0.7760209842602258 -0.612339731218071 -4.758781778421126 6.443788584024398 -25.946323616562825
IMG_0935.JPG 0.6277086417496627 0.7783303307876969 -0.0014446353061102332 0.013478511696070495 11.639093085908552 -2.652718819882248 12.297505928720401
IMG_1057.JPG 0.5922987720737996 0.7217959566665431 0.26789171439335363 -0.2375432400618642 7.1648639743127065 2.915258819899634 -15.31238628446266
IMG_0734.JPG 0.5318188343251758 0.6398560592852357 0.43309880524083005 -0.3466675291283368 2.7229220807738566 -0.33908892528159323 2.0257085727850814
IMG_1029.JPG 0.6165345158596702 0.7750473713327 0.1014264249671093 -0.09433686057075456 2.546959730757098 -5.921445536881391 25.096504471942552
IMG_0750.JPG 0.5121333021617596 0.6598130777410868 -0.42801858274491267 0.34520468722739406 -34.857269479817404 -6.803456533477223 24.833271472304723
IMG_0988.JPG -0.019180351159634988 -0.008742673367392522 0.7518100522639553 -0.6590427339002012 -8.122013919721589 5.753156984100838 -43.0789654550059
IMG_0772.JPG 0.3604767239042701 0.4922718870178666 0.611192515051105 -0.5041513962299605 51.300294179427965 -0.8759632333202597 -8.131208483979028
IMG_1059.JPG 0.27080544373841403 0.34533620670198456 0.6952577010656765 -0.5692310998980954 -16.10294575532551 2.444492647486395 -10.511697797939116
IMG_0823.JPG -0.038546519762966684 -0.05054203817207326 0.757040961148295 -0.6502681380286447 -6.224828534099805 -0.02605750313597442 -0.8513452208771318
IMG_0817.JPG 0.5822920358279873 0.6702018938326344 0.35829112812344033 -0.28877824367926386 2.172568100830936 -0.24085122221829627 2.097187829648545
IMG_0836.JPG 0.5951810014951647 0.5938229921949497 -0.37884022905526804 0.38679957374485535 -19.84292937170623 -0.31491213616727554 19.00825020600872
IMG_0731.JPG -0.23899496138755685 -0.34322347426680255 0.7170606413407087 -0.5575868468531489 6.126200179410442 0.8245298646942238 -2.157612665739146
IMG_0732.JPG 0.3020562729837584 0.35517555366847914 0.6675485578508452 -0.5805094804899479 6.39205310870589 -1.7284410258485603 10.99895188246061
IMG_1068.JPG 0.006191333511336631 0.0033625582089965634 0.7780670143072913 -0.6281417689014009 -12.019435530706417 1.0260506077416658 -5.230105930244536
IMG_0872.JPG 0.6036566596426657 0.6964461191574722 0.2932210462395909 -0.2541315769866381 17.207707193031023 -5.306572975820836 38.53641093728453
IMG_1025.JPG 0.04252909850877639 0.0717939152344848 0.7697167380264267 -0.6329084078421545 14.004403329837968 9.366588068672412 -48.72806007963882
IMG_0863.JPG 0.6136879004360322 0.6857224019223137 -0.28959400495079085 0.26326272173794063 -48.64982928104752 -3.445376965281378 29.76505093170214
IMG_0769.JPG -0.42356340234425843 -0.5364235392086906 0.5565932518660633 -0.47227934821939793 -30.869444490574818 2.2384324874326085 -16.74587748895417
IMG_0852.JPG 0.5133085334469523 0.5782419549531703 -0.47653593723425663 0.41840661030478965 -49.81772272951553 -2.3392224175320107 19.497176577750665
IMG_1042.JPG 0.48649856003352215 0.5229360852348706 0.5238062833347071 -0.46420251979455884 29.12811084090693 0.9285489285271955 -4.065820655721279
IMG_1016.JPG 0.6417663356398576 0.7463369087021687 -0.12791835493950673 0.121466388840084 -11.388995175006363 -6.01537202770863 39.10387498855397
IMG_0886.JPG 0.5751216306571838 0.6344604005038822 -0.37917544500294453 0.3506010439937334 -31.173701348772063 -4.065846923205672 36.56889535788571
IMG_0895.JPG 0.658149464260159 0.7067890642653157 0.20064430219732204 -0.1644091400280909 15.28399575247322 -1.1324133112630808 25.0313283829332
IMG_1043.JPG 0.6331837420602772 0.7663285804408637 0.09185792598017176 -0.058146169475350194 8.667705486789112 0.22755267764411966 -0.5665828395647581
IMG_0740.JPG 0.6316753892494562 0.7024526839763683 0.25282684765111096 -0.2088660204479096 9.374964470490589 -1.2116991894192644 13.971940818289962
IMG_0762.JPG 0.6539850196997923 0.7560455525609869 0.026335627610223615 0.0022696209794596006 -12.611395961381552 -8.220834849828327 53.50495472330333
IMG_0904.JPG 0.2655437373633454 0.29205461813947675 0.6871061461071324 -0.6099801370145708 8.527552636528554 0.9714719659566072 -7.138765600251767
IMG_0982.JPG -0.03707807870261348 -0.031245416414685107 0.7629061661170957 -0.6446883911885717 -9.29556412379166 5.4546253164460685 -31.68383937778419
IMG_0951.JPG 0.633287857149547 0.773507342077044 0.02386745509159508 -0.007951498430713782 17.04487636734853 -10.276591462860138 52.906744218585864
IMG_0825.JPG -0.06497889929690014 -0.08139072782841016 0.7479626245618577 -0.6555190342989766 -10.735617789793045 0.21222841657721322 -6.5740529892793225
IMG_1090.JPG 0.3818154737632708 0.44067686238397413 0.6116155086093222 -0.5347404198140484 42.00793301193078 -0.9775700558326322 5.508928770491715
IMG_0800.JPG -0.13075898900506913 -0.16442302468252926 0.7572363356994218 -0.6184337374732498 6.472811953777557 0.2016722261414748 -0.8279154982083853
IMG_0888.JPG 0.6433238452538469 0.6893833415333684 -0.24236925879255247 0.2283466245348064 -24.74606834970806 -3.963546192150607 51.35968683037178
IMG_1033.JPG 0.6739583800619844 0.7385727055942676 0.00962495859953069 -0.014064873527612067 -5.50538264953269 -1.0136887545744695 10.312621174033117
IMG_0908.JPG 0.6487510256522699 0.7460416040128 -0.1009884072929885 0.11110973580006686 -14.594346667592028 -0.005787938485983346 -3.933627420422308
IMG_0818.JPG 0.6353603537497476 0.7255612305842953 0.2012315837541667 -0.17141753485506703 1.1075193598584059 -0.4316942535966481 2.757983531096409
IMG_0760.JPG -0.11497200801463181 -0.14094733379844615 0.7686708719223023 -0.6132376188121534 -33.59727737605153 10.386079355455319 -45.693510121917015
IMG_0733.JPG 0.36779122654482466 0.4148092443124553 0.6267368483213153 -0.5475982354480774 3.827044451656188 -1.719554036936449 12.015890245768896
IMG_1047.JPG -0.4181870197796523 -0.50960269796735 0.5819287717303381 -0.47621802920997347 1.3309764446971368 -2.4131340383356052 11.985301900534923
IMG_0815.JPG 0.6212677405647139 0.6809242181752996 -0.29226946326842235 0.25484733562813994 -7.4602696691435035 0.39856703145637246 -2.870644168037446
IMG_0871.JPG 0.5741737146980085 0.6125937296693486 0.39227992032460124 -0.3757258732504481 29.627228552793273 -1.864777484007436 30.41858392068443
IMG_1082.JPG -0.2731739083692857 -0.31487777929813754 0.6640365193900037 -0.6207120917196086 -17.05816408428158 3.3135562883817857 -50.12117347945991
IMG_1089.JPG 0.4719839727086281 0.5338617311902714 0.5215795814929506 -0.46923077653362144 37.57951592140594 -2.530898430287133 19.07818145607698
IMG_1088.JPG 0.4037599459475715 0.5016115383789109 0.5943085683128796 -0.4818309830671459 40.55356663707795 -2.6738898914563407 11.591493479968731
IMG_0903.JPG 0.09296891453078 0.10125974119458318 0.734180238420414 -0.6648929411996475 3.8719562052836145 1.3165620799859696 -10.868408372101493
IMG_0923.JPG 0.6434098037555023 0.7630169019774751 0.027656859530195976 -0.055354582908108206 15.637978414319232 -1.1921332275908392 2.3936044126474587
IMG_0876.JPG 0.40684885589741654 0.48313030045035377 0.5808137303927704 -0.5135314321723151 33.6476828414691 -1.8593870499120932 7.598161879736206
IMG_1108.JPG 0.4463183597857996 0.5599748556185988 0.5418497004740276 -0.4400306635784028 46.021678397659876 -5.253876089925883 21.253220794626316
IMG_1012.JPG 0.08381539494310596 0.07817462928536126 0.7696093818108836 -0.62814417639209 9.915989931061906 6.7521499852680815 -32.19584222551483
IMG_1081.JPG 0.11928971123127419 0.1724998325759267 0.7386556170168104 -0.6406259844910697 45.52371372614352 2.452506289338501 -29.73957187984145
IMG_0808.JPG 0.575673029366287 0.6659747777942714 0.36542349754735687 -0.3025621027861397 -5.085153865701625 -1.6731335715278102 10.363059676332126
