IMG_0801.JPG -0.3042700630043603 -0.3931644487598256 0.678243803652449 -0.5411347224100151 5.069497984860047 1.0877305039445249 -4.469468842984734
IMG_0964.JPG -0.11516832696292022 -0.12075411624072263 0.7121458493377585 -0.6819112765943136 -2.727332616560816 -1.798527330599774 -7.299396909108469
IMG_1037.JPG 0.1893376296118558 0.2027287019838356 0.7103130846736734 -0.6469216777526369 6.393803887884015 -0.12466995327245657 -1.3943978710011211
IMG_0835.JPG 0.611849335967108 0.7299978432288047 -0.2214528700202001 0.20905062859919413 -7.36965850984973 -4.664350622905745 25.782084843299796
IMG_0994.JPG 0.3517278596275261 0.7236066942376912 0.5260343856154626 -0.27562418247752385 47.53594263532508 -4.489160788791998 7.045621573582778
IMG_0894.JPG 0.688938474380167 0.7206206498785039 0.06493716316965537 -0.04304442271523419 4.86431196655831 -0.9259275729774322 28.34752717687016
IMG_1063.JPG 0.25510198623294184 0.3318113409531755 0.7030289398266636 -0.5749561030209712 -16.483411520467545 2.3863487864253727 -9.730195181037866
IMG_0811.JPG 0.563577797516444 0.602353706904678 0.42611115875523975 -0.3714557285989473 -2.654511219776986 -1.126218387548427 11.27418070617491
IMG_1001.JPG 0.4994093721183886 0.5925545115025342 -0.4958358535227111 0.39193907217795204 -51.28074719629281 -1.0460507116480597 13.028774193246944
IMG_1107.JPG 0.5152280543799616 0.6334125563916801 0.45566427865111964 -0.35454005492546203 36.913629840665116 -7.056844272068473 34.37541726872352
IMG_0773.JPG 0.14968611961786063 0.2351362793482492 0.7559086142329303 -0.5923741745353698 32.41075480647601 8.898536972480803 -39.70722709284084
IMG_0763.JPG 0.583199400439808 0.7000520122554187 0.313191246657637 -0.2678000793144426 30.68768619561839 -8.361356266191748 45.59117337174223
IMG_0735.JPG 0.3723491052522047 0.4757974244529643 0.6211761052305697 -0.4991124131820294 3.6163623863739818 -0.015021592631569061 -0.15511612620779947
IMG_1094.JPG 0.06318693674419788 0.06501871750515296 0.7859463620774222 -0.6116112272809701 21.374653570827444 8.945607061403903 -33.95283902009649
IMG_0995.JPG 0.24421615592671458 0.6384043943487283 0.5983966809365342 -0.4179948692325676 46.483689382638104 -3.0188152374778148 -12.754080837107999
IMG_0924.JPG 0.6193873894266917 0.7483807916499445 0.17611374230752883 -0.1589635249956011 15.515493579469007 0.46957952820628246 -3.7486137326890363
IMG_0887.JPG -0.23572462162234625 -0.2522785456861515 0.6983246226844882 -0.6270025195324573 -30.241135278829372 4.483255594546173 -38.37839625367085
IMG_0741.JPG 0.24241149768785245 0.2703937562103493 0.699584518815797 -0.6153904316971951 17.737379160492168 2.3201773141228608 -17.358226239924424
IMG_0983.JPG -0.16013384604464184 -0.17888189805612836 0.737342576322982 -0.6314145571969145 -20.44063023287589 4.1074601415438625 -25.878585939255416
IMG_0749.JPG -0.31648820302495256 -0.36169033397425604 0.6638904433211726 -0.5729439753784344 -41.949675844956246 2.3612545980592787 -14.560718530681106
IMG_1056.JPG 0.6354853876447857 0.7573717569380273 0.10717100459674474 -0.10516995605345857 13.850221238562474 2.0319676408683525 -13.732139670354577
IMG_0761.JPG 0.597159188258239 0.7100767980100364 -0.26243027563618276 0.2651833238272959 -47.75366230704142 -7.14053364875035 28.353618010424054
IMG_0957.JPG -0.31789208152974263 -0.35753489364584434 0.6709416805475739 -0.5665250970877991 -56.081606093977236 3.4524137732283777 -14.16633924321072
IMG_0921.JPG 0.6372702712217092 0.7683695538700901 0.03293878775119436 -0.04909038973128311 15.474225991136072 -0.9440994092106584 2.191334655365283
IMG_0862.JPG 0.5656957482705727 0.6343116492480485 -0.38916597327473945 0.35522795112707706 -55.627863681409515 -1.942106826896667 13.692932488165345
IMG_1054.JPG 0.5696127858993076 0.7082727397336337 0.3241619730501099 -0.2623166321804651 4.953590907725992 3.7279574350448454 -15.958934163989715
IMG_1100.JPG 0.46863968487994623 0.5737121245480372 -0.5257404912990883 0.41812459830867943 -44.08353643256209 1.675535594277599 -5.095586562192835
IMG_1111.JPG -0.37539553584490526 -0.46779101565650666 0.6221377118256131 -0.5031842851909839 -35.183145846089445 -1.3022871357471377 5.379244598856261
IMG_0827.JPG -0.15027339539895954 -0.1796646096512563 0.6944442374067133 -0.6803570649348312 -14.20759183859519 -0.1672365754887747 -9.749610879490684
IMG_1093.JPG 0.15312850708785464 0.19415872686952362 0.7513723765716288 -0.6117953913054213 30.970908590655725 5.222332770355474 -26.041832439843084
IMG_0929.JPG -0.3173879738186038 -0.4109136304334952 0.6663015896169089 -0.5352168290265795 -9.113410098711057 -3.9990902627878175 17.222162464638142
IMG_0943.JPG 0.0756741469270599 0.07562332929385857 0.7616602882088318 -0.6390838293361949 -14.193914813693677 -1.5573034967240702 6.271789543304749
IMG_0941.JPG -0.014496279332227528 -0.0074904216979516484 0.7685445052702248 -0.6395882229116279 -17.233597806462246 3.44104221971821 -17.77116484745983
IMG_1009.JPG 0.6193072111634662 0.740220066561876 0.20500043869703755 -0.16281170533497907 11.87976142882496 -5.413493075583712 29.962571941089504
IMG_0984.JPG 0.004802476708542921 0.010936375569374853 0.7557354025415368 -0.6547681522892284 -5.505433216499811 6.245965087844174 -43.4493960234858
IMG_1098.JPG 0.1460825781647825 0.16675136329782886 0.7744599338887415 -0.5925079526859465 27.86348487701703 8.916741655739356 -31.042838508269007
IMG_0989.JPG -0.02151629421989922 -0.012790367136709163 0.7513547896118538 -0.6594235632117483 -8.490531427721363 5.676766653866285 -42.96123110713823
IMG_1066.JPG -0.050291558236816664 -0.06143113522594525 0.763895800484432 -0.6404374917173516 -12.804402432643034 0.4759215910980361 -2.9607457903471315
IMG_1058.JPG 0.5913046146490104 0.7242280299002096 0.26737588985225197 -0.2331582015013908 7.401642416044165 2.8279574747895966 -15.2768610273807
IMG_1046.JPG 0.12741351716492225 0.1599139719319652 0.7396898749611863 -0.6411335321947467 -8.679448034833706 0.7920025245380014 -4.58874903140032
IMG_0847.JPG 0.3532691684001973 0.4676445507933506 0.6674352244648589 -0.4593905635890464 3.6876529316062703 -4.666627570706844 14.53258520738718
IMG_0813.JPG 0.5789917714397315 0.7221898590729724 -0.29507325399153894 0.23694326501524868 -7.589591418040797 0.5633845241913926 -2.7016086111196764
IMG_1114.JPG -0.455370943874755 -0.4661593124577443 0.5400617979393318 -0.5326030917015729 -53.2123558299784 -0.6446641914141613 3.4831120427773445
IMG_1055.JPG 0.6370274839276813 0.7576085425331028 0.10226304546089322 -0.09883091892064502 14.072135051511996 2.0180366777670686 -13.511954413416904
IMG_0933.JPG 0.2938608883036711 0.36684753161074823 0.6806206757909692 -0.5619823507569629 -2.105763988065626 3.4194862272922024 -17.241267497581408
IMG_0802.JPG -0.17231117280249134 -0.16469447841455115 0.7334503496286826 -0.6365808457193431 6.553353664783984 -0.12000422774941112 -1.1123638241725557
IMG_0804.JPG 0.3784716500962813 0.49009120839604936 0.6249958266901449 -0.47534201807351445 0.8082265359246354 -3.010349844598038 11.018546626575107
IMG_0976.JPG 0.6220451017016859 0.7772071321690472 -0.06385408813745133 0.07022549809462031 -0.3951090960077047 -5.520524144019411 24.435403601503538
IMG_0950.JPG 0.11707308779361242 0.13051592900899742 0.7582476012160954 -0.6279490900060479 -3.4737725918551114 6.076512848087723 -32.85522235251004
IMG_1040.JPG 0.47465300629846846 0.5268425725396595 0.5292694463662332 -0.4658489889597282 28.997396621277627 0.714094273533676 -4.500041790956482
IMG_0907.JPG 0.4266091735457463 0.48560731536699536 0.5744533292270254 -0.5021887303082994 27.795002295808857 1.3175939412564301 -9.94451661504487
IMG_0861.JPG 0.5354100600190221 0.6401656147944602 -0.4238695019002504 0.3519356455718727 -51.50394284545229 -3.6649911004662785 21.754127839383347
IMG_0739.JPG 0.44048295286899164 0.5338179135590739 0.5575559025971348 -0.4584153344668408 17.90884251006481 -0.06902567151063625 0.0308431968958167
IMG_0966.JPG -0.07047804366481777 -0.08485825671240863 0.7285124636296256 -0.6760928279202542 -7.5553180177482275 3.25597119134532 -9.269034054966603
IMG_0870.JPG 0.6370451937556795 0.6629722472332311 0.2862992086844544 -0.2695811262272708 17.683453983170747 -1.297238365350801 38.60306886272675
IMG_0925.JPG 0.6235139246577062 0.7483693120541653 0.16692204710668024 -0.1526787107727679 15.839358306740882 0.28164256455097314 -3.3194693551965138
IMG_1065.JPG 0.03574078494659251 -0.007182117971536293 0.7736992905112123 -0.6325032974896583 -12.238947036300718 0.6724985263158441 -7.596753940300933
IMG_1022.JPG 0.5021443123643915 0.613247363236385 -0.46009658912917767 0.40011234636712967 -28.433883585456822 -2.44014346861631 9.079505339883019
IMG_0828.JPG -0.03987819506364941 -0.058699956160657124 0.7167300725754476 -0.6937305296519639 -10.312488626313154 0.45953098242145396 -13.752255072948941
IMG_0918.JPG 0.5980157748456069 0.7203238096257802 0.28255217793314624 -0.20898566713353164 20.42391098399947 1.1477603765083155 -3.213244883429039
IMG_0931.JPG 0.3408029153075568 0.3944774797323055 0.637620768007679 -0.567168975797529 -0.10113157763372109 2.071265700749869 -17.732940231394245
IMG_0974.JPG -0.2781518075280656 -0.34673653427399614 0.6990587348193429 -0.5601091260114475 -16.93156552164653 1.7108965754266645 -7.206723162669531
IMG_0998.JPG 0.5661897917632803 0.7138499170926835 -0.3155743795962455 0.26506645678445356 -37.74364011092412 -8.801981466184378 35.33308026150152
IMG_0937.JPG -0.0007268111426006368 0.03285993176023586 0.7747130313231178 -0.631458166253649 -12.120066000563929 0.8485778624472408 -1.7123294745314603
IMG_0944.JPG -0.016012623883074638 -0.04269113424320945 0.7694541280069861 -0.6370725294865686 -19.307364899087684 4.105611613960658 -23.94422885405097
IMG_0946.JPG -0.07487193522333711 -0.10183290850850138 0.7671016160716115 -0.6289510018124888 -22.531326733850666 3.960476450552853 -20.209078993991376
IMG_1085.JPG 0.14725022565295667 0.2107498628132347 0.7495851351745306 -0.6099376947645843 34.95822119986882 2.3121427966325356 -16.769754493201322
IMG_0809.JPG 0.5102919379449137 0.5892402144374178 0.48216195288713154 -0.3998974355334602 -0.8972030744073412 -1.8652328194907948 11.423968279531138
IMG_0961.JPG -0.005422391814786383 -0.012269388536900558 -0.5716430722763127 0.8203927460006191 0.11305547241851185 -3.9122951970077118 -1.681297203910118
IMG_1036.JPG 0.10594576203924816 0.09410825994847644 0.7642743023078574 -0.6291294952132115 6.021712843393941 0.3301554343835248 -3.0814561399280715
IMG_0807.JPG 0.3203663834329423 0.3708127972368539 0.6703272792020022 -0.557247331558544 4.536968337536941 -1.764662041615282 10.47780967408898
IMG_0810.JPG 0.5931019258817553 0.6719947486568876 0.32904882123766177 -0.297287800851338 -5.964674423451825 -1.089995841575047 10.068801719106444
IMG_1061.JPG 0.1249920707749562 0.15885572113882002 0.7665504425475834 -0.6095426655575128 -19.205626525033903 0.42227249439363096 -1.6801303878321352
IMG_0962.JPG 0.11881650015594288 0.09637000733751992 -0.57651540330952 0.8026365620399555 0.26471954593905367 -2.1532129414212533 2.9774701857276287
IMG_0831.JPG -0.08739300862916467 -0.12095704476381486 0.7362842107467651 -0.6600131940876346 -15.654687122790525 1.6628176860561545 -18.70869940549203
IMG_0843.JPG -0.44323156967805766 -0.48327982279208814 0.5642779613237329 -0.5015742924902606 -43.554016540921964 -0.42397591063748136 3.4732990671468817
IMG_0845.JPG -0.41874157493503855 -0.4723573193367961 0.5782518055677821 -0.516874168098465 -43.572152020131526 -1.0116638824151678 0.629552598511571
IMG_1023.JPG -0.42946590970356907 -0.5399954104280689 0.5513046479660492 -0.46907054293585376 -29.06071041113288 1.603975748334518 -12.251079023230835
IMG_0747.JPG 0.55258684434537 0.695648846437693 0.36054021458763663 -0.28413239092267323 25.38919164727702 -4.365096506934214 18.18941782322297
IMG_1053.JPG 0.5728127431417976 0.7108969730866247 0.32313502902529717 -0.2491882982153574 5.3799485839990435 3.6993387545238594 -15.951986126158356
IMG_0819.JPG 0.5635656395838963 0.664876840369537 0.3806265853145897 -0.30895947885179276 2.530178749370595 -0.264130632203824 1.6305790154748838
IMG_1086.JPG 0.028864488942471598 0.0390724699457054 0.7883922260854532 -0.6132518905135603 25.03475564755789 7.208572595919089 -28.920899880648506
IMG_1103.JPG 0.16868782658865855 -0.010121218765398761 0.45903829216440234 0.8721959782172161 47.457667961258885 -92.78848287037553 148.72946439174333
IMG_0917.JPG 0.6015828602444651 0.7965727092980428 0.03555726180737239 -0.04801731140356385 16.680653330166447 -2.8225590595340124 8.04178086256186
IMG_0963.JPG 0.029032166545630993 0.024677966178328736 0.7288808971853682 -0.6835793801814241 -0.4756844072804505 -1.1566559056415249 -7.853812936572821
IMG_0860.JPG 0.48405203216654746 0.5616379634808808 -0.5106158854124927 0.43534795933471526 -55.84468181290793 -0.48028364730337875 5.6437280627259465
IMG_0829.JPG -0.17330096728234076 -0.2090360163311089 0.6984400628172462 -0.6621572300196279 -14.78295757375107 0.15126758002209822 -8.532075032908072
IMG_0758.JPG 0.4225270659240291 0.4962575478735865 0.5908791904180717 -0.4754588384613445 52.42824392551648 5.796668965358608 -22.38452540021303
IMG_1030.JPG 0.5681371106500743 0.7385145720560804 0.28441318349987343 -0.22566699230165835 14.175889356672817 -5.802392848276754 21.25846708765391
IMG_0765.JPG 0.16569231235709053 0.17974672381460607 0.7297674504752442 -0.6384956077613525 27.238226042149392 3.186999340279031 -21.455179091668374
IMG_0909.JPG 0.48446988385977646 0.5246483736083423 0.5173831368873643 -0.47153759698205033 29.148066724962845 0.39525437051873363 -4.730513884526156
IMG_0927.JPG -0.37618873232283234 -0.5193468835278725 0.5989213866576784 -0.47963947382098415 -3.331993197477113 -5.069629464987874 18.848541582164916
IMG_0820.JPG 0.04511369788045914 0.021632395664534548 0.764334957313389 -0.6428754675285908 -6.232195922225096 0.11385118499401214 -2.206954033274673
IMG_0971.JPG -0.15075799421413513 -0.2180082464216272 0.75988473375152 -0.5935651801479589 -13.160674306836116 3.04863040203909 -12.880591702736874
IMG_0911.JPG -0.15958328252364307 -0.42239882091403375 0.4030679904960525 0.7960204815624325 1.8897676904491105 -31.274242462864926 85.62205202642618
IMG_0977.JPG 0.5592148110464512 0.6989635167133699 -0.35274213914635844 0.2725835297306343 -17.720212277701872 -4.01378816456165 18.374433598534093
IMG_1005.JPG 0.6487043501422902 0.7600791844251064 -0.009994819414992428 0.03691074498023714 -9.7416608707546 -8.184076848220316 49.23735607126218
IMG_1092.JPG 0.05372078573858179 0.04173844217951112 0.7922606106583996 -0.6063786807129986 19.81057152913567 9.918721783499205 -34.59577807065612
IMG_0853.JPG 0.555425482881583 0.668548309901539 -0.3767716156414916 0.3202949264981532 -40.071730561339116 -6.581797865774233 34.288105056342005
IMG_1007.JPG 0.5949632894676243 0.7298448217229279 0.2717303747389156 -0.19876575116035375 16.468177266195426 -5.527438803428172 27.682421013724028
IMG_1109.JPG 0.5450903235765182 0.6822683304532497 0.3802960758370516 -0.3045674951578393 28.836850946424843 -9.385335073725074 40.7416413934937
IMG_0953.JPG 0.6598386795354039 0.7364555943815104 0.10878276222848132 -0.10204109532483206 30.207274858234 -5.287512714050241 47.51248671026995
IMG_0940.JPG -0.09535837446290077 -0.12008872505599176 0.7647265496937611 -0.6258424583932404 -21.535885190554698 2.378722302709714 -12.50345310809551
IMG_0874.JPG 0.4387784618135277 0.5017688616737567 0.5562012799503455 -0.4963281244144576 32.66015288588758 -1.5976195142654825 10.542477584921654
IMG_1112.JPG 0.3638921744713887 0.6036970580355474 0.6094260028821842 -0.362949437923179 52.829577235327726 7.325078882590155 -10.951063122651915
IMG_0979.JPG 0.5860068246679407 0.7672190795242814 -0.20578652443065476 0.16007120858937537 -8.850235474900451 -6.448030119116317 22.98680900341027
IMG_1097.JPG -0.2856360309890143 -0.34479802318549635 0.6992246673620373 -0.5573250806851103 -28.258956419580027 1.9541992925643334 -6.8844824616691955
IMG_0901.JPG 0.6639970523364214 0.7209290763574187 0.1508067741238026 -0.128943779335635 7.527968209012769 -1.5577274632143299 20.455145598557042
IMG_1084.JPG 0.11614204602324192 0.1499733738812058 0.7668413139561518 -0.6131667077412355 32.31232333943649 4.540365763366007 -21.098679464037538
IMG_1003.JPG 0.6218352545522682 0.7816796325967678 -0.019420543204933582 0.043825913349561596 -10.883033064557646 -11.562424449021378 48.70462278480701
IMG_1035.JPG 0.18345278755210725 0.1862467754990634 0.7524253733055937 -0.6045769355189627 5.866200997845484 0.6368340776428731 -1.715216798994046
IMG_1028.JPG 0.5659567170308599 0.7446240229560834 0.279070740057227 -0.21759499288416806 13.682577676320866 -6.1469120230928995 21.554341176847238
IMG_0881.JPG -0.173596071912852 -0.21347687869105839 0.7243971818859725 -0.6320923579322991 -6.541991473862392 4.598475392257896 -32.81763950275643
IMG_0930.JPG 0.3430671311751277 0.4026238459131795 0.6393076825324739 -0.5581081161068208 0.27009417519882256 2.4671551545288826 -17.579729632562202
IMG_0884.JPG -0.29079075824237455 -0.32374668409628105 0.6811079094955154 -0.5888300561962999 -43.30118592853318 2.260654945650676 -11.185526181177321
IMG_1080.JPG -0.3701002407521359 -0.42875493908351053 0.6562607505865444 -0.49851463493692116 -21.780381825327083 6.317642786110376 -21.027386269799234
IMG_0812.JPG 0.5162536028396715 0.6574231370350735 -0.4291314745670663 0.3422326898207079 -6.184106742578932 1.2173051837411129 -5.351449145421355
IMG_0920.JPG 0.6319280313158809 0.750980380976495 0.1497023429420508 -0.11951836320538684 20.74931136961881 -0.5592375997161231 3.8817640239487634
IMG_0883.JPG 0.46783731166308007 0.5430446095391606 -0.5177385947439147 0.4670947969940551 -44.48210015661883 -4.294371423986438 19.00810294209538
IMG_0902.JPG 0.1743894125764606 0.1901096837471245 0.7140249564119421 -0.6508571291364406 6.093777754449195 1.0860758042779024 -9.515516979736597
IMG_0958.JPG -0.3983551626366915 -0.492800639057375 0.6038970227609542 -0.48349672226995905 -57.39783320554113 -1.1212849669205085 6.7987592004087976
IMG_0857.JPG 0.526998032541353 0.625354930907086 -0.4396349711886958 0.37138305857382703 -49.91352671523712 -4.569293463622268 26.39425456742354
IMG_1070.JPG -0.12321681662682814 -0.14141223989261115 0.764692726649395 -0.616494305179228 -20.528413129035357 4.080423053488768 -17.587203731348183
IMG_0939.JPG -0.004495214461060244 -0.0009776051319617895 0.7728997613964014 -0.6345114625982272 -16.902672253329854 3.644458259948421 -18.142452959668333
IMG_1017.JPG 0.597890322376323 0.668110122765606 -0.3267551416121491 0.29897676113184424 -30.97442051250118 -3.116796210787498 27.01750939784149
IMG_0771.JPG 0.3701515461541001 0.45243174822662857 0.6310330898748683 -0.5099907700726576 34.64792695635975 -0.4751568077612306 3.1263735685528706
IMG_1083.JPG 0.19700223969402736 0.2660312011626313 0.7395628069048655 -0.5860583351565788 37.07472259477657 1.8967462918333682 -11.171533372991634
IMG_0770.JPG -0.014623049589737144 -0.015905829544949308 0.769474890189537 -0.6383114947852521 13.176719663013222 6.16275082493529 -32.603924980727264
IMG_0880.JPG -0.06652817913809397 -0.07535122412157175 0.74622343005685 -0.6580629049248565 5.818301676186631 4.32437518822405 -33.3957919723591
IMG_0774.JPG 0.6003321279707362 0.7287085724426355 -0.2517592685238259 0.2126086152701568 -35.868261629796116 -4.157164639353495 20.687258944187178
IMG_0844.JPG -0.28861664107686424 -0.33307281920594495 0.6699649467046809 -0.5974193684395459 -40.57638896972156 1.7529630115908148 -18.797540112819455
IMG_0913.JPG 0.4284820374465206 0.8553206131938959 -0.1473248491499657 0.25124725083916133 -195.51137555224162 -302.12339512674936 535.0861593442908
IMG_1013.JPG 0.2299158367791561 0.28762940190542524 0.7312515088237584 -0.5741770336757163 25.18885868631089 5.715590676655154 -22.713197393880275
IMG_0840.JPG -0.36583505013821394 -0.39031616204076963 0.6349616503601272 -0.5573524130315377 -44.798555560888495 1.5274188901485721 -3.850206475651334
IMG_1031.JPG 0.6816896568631445 0.7313392632614333 -0.015799580744763203 0.01387324714414453 -6.322496324657311 -0.8579720087470132 10.179974796550116
IMG_0973.JPG -0.15611063729610283 -0.17795182527410647 0.7523906184174612 -0.6147121066987447 -12.219076935894716 2.9478991997864314 -13.65888499857897
IMG_0859.JPG 0.5136732710684572 0.6120977390042811 -0.45407298569675436 0.39407340960297527 -53.94164863679194 -3.2807434913181024 15.24356492068236
IMG_0757.JPG 0.5542462632337141 0.670713241414012 0.3849319548306773 -0.30786720779194243 54.75686171551081 -2.3956282483807603 15.509077829935453
IMG_0738.JPG 0.18234586882009332 0.2053810942538893 0.7261332701146599 -0.6303166381112845 10.655186327745712 2.301979344870396 -15.056141300407655
IMG_0839.JPG -0.1497277980721555 -0.17421323026313354 0.7548744235260053 -0.6143255990043301 -24.67581248172822 5.80862022946613 -26.758003389944808
IMG_0764.JPG 0.33754932518203296 0.3763479390004778 0.6494216616671686 -0.5680441771875664 42.3801226524119 1.4654280447729107 -6.93245097148473
IMG_0965.JPG 0.04295792816041052 0.03112334150433631 0.7371740974610648 -0.6736173276083631 -0.2327786045333826 -0.9102878626640254 -7.87483176217641
IMG_0948.JPG 0.12130162093735926 0.12005877900424242 0.7661254448655107 -0.6196156946621054 -3.8690482041481706 6.615198223101024 -32.72079861101576
IMG_0906.JPG 0.4722984642814329 0.5411152989166613 0.5264839732011931 -0.4549099030335757 29.12504466947467 0.6368668100530391 -4.382824740322489
IMG_0867.JPG 0.6419019583996953 0.7635262418006842 -0.04062025572585911 0.0577888285841188 -21.730468742364064 -9.189053808544674 49.392543033489495
IMG_1072.JPG -0.029336661467099786 -0.03642611929273892 0.7893632585667751 -0.6121422581002537 -14.640153703978422 5.758244783770512 -22.340460981014967
IMG_0955.JPG -0.2869521761110506 -0.35026248059443554 0.6857055885568897 -0.5698969109714622 -55.49634646891992 3.042475318100788 -17.619562115902163
IMG_0892.JPG 0.567165338830181 0.6548449058597026 0.372802949087173 -0.3324448658817764 36.363626779813806 -3.1261533882431576 19.434034323812067
IMG_1104.JPG 0.8625017737227817 -0.46577531861181276 -0.16232350143273852 -0.11311553288446072 -100.03475470898894 -309.2349559228108 500.1611849285223
IMG_1102.JPG -0.43312653722760536 -0.5288128270470364 0.5779769917704521 -0.4457588963595937 -42.62464596630006 3.990907177702606 -11.765742413595243
IMG_1095.JPG 0.5176744922578947 0.5925751342515113 -0.4325072900237954 0.4402332045729929 -18.46477085150962 -5.791175132073912 23.580041805567564
IMG_1075.JPG -0.3440516835392378 -0.4798329471375875 0.6398095488403407 -0.4919680102484236 -24.600279619002244 4.601875313381927 -18.369587445150493
IMG_0746.JPG 0.2770808749883717 0.35420109387931314 0.6974010938840811 -0.5580317984305765 26.348799340785067 4.181997915686067 -18.711473124072274
IMG_1019.JPG -0.3230273076143322 -0.408690873563012 0.6536267569218503 -0.5489965309886419 -27.50765907418549 1.5581813983930728 -12.308501558720222
IMG_0846.JPG 0.48575626210913986 0.6230700693137515 0.4879644261228468 -0.37110006923431654 -3.821783227850802 -3.995185015865701 14.505902560475818
IMG_1105.JPG 0.81357142459904 -0.5750851992575365 0.08004480080718769 0.03116697827100956 292.89209969552365 -345.21726258080065 777.2666969269516
IMG_0985.JPG 0.0036175734759523875 0.011392636500012947 0.7556751946226744 -0.6548374769572273 -5.538667472975002 6.250378975130669 -43.436928466128926
IMG_0972.JPG -0.2881076796697614 -0.3793217382822026 0.6898515569500029 -0.545173195558559 -17.254696243596666 1.1596795638903026 -6.196300870534211
IMG_0956.JPG -0.3878390668119975 -0.4824171127097075 0.6023766255374352 -0.5039811391563781 -57.6552847745414 -1.8573013765470774 4.393943612982525
IMG_0821.JPG -0.08048942467997997 -0.11200178078138767 0.7531396628991344 -0.6432400032528008 -6.251888990071954 -0.25295461870368036 0.08146588381483415
IMG_0947.JPG 0.22998242165935165 0.2655577529231839 0.735521158068191 -0.5793063020752623 8.482725761174404 7.450005222087827 -31.6132698937519
IMG_0756.JPG 0.6352186548377716 0.7706628615335765 0.03343091556208859 -0.038188850253096554 19.72102588659577 -10.305954272946886 52.042802607039725
IMG_0914.JPG -0.1998282022228751 -0.21095977850378278 -0.6390744611657785 0.7121435912340135 -11.462618104125179 -1.6808691200214676 -13.096449100389076
IMG_0865.JPG 0.6033759906012198 0.7483105695965385 -0.21203698295895135 0.17609379107102827 -39.75836557878769 -8.798105344896895 39.858803241062034
IMG_0855.JPG 0.37311333522130796 0.5004970166317836 0.6133193409535447 -0.4838683306799747 50.133101817528676 1.5175486308004795 -10.795903120019284
IMG_0890.JPG 0.5790701889901655 0.7158895828449042 0.30849659344775443 -0.2387669852139845 30.47841385614474 -5.516800050290087 27.20108875491269
IMG_1020.JPG 0.4342150507181468 0.5454219660897661 -0.5464344248764166 0.46409221922651445 -30.121140357862814 -1.0621771071820305 0.4177737373431879
IMG_0759.JPG 0.21271662323277601 0.25308507070540764 0.7355505751120718 -0.5913247302783684 23.250351656475164 11.40858372609503 -51.42981926647344
IMG_0899.JPG 0.6802290025542145 0.7014936084658506 0.16137700469742106 -0.13839322136776372 7.915622007400511 -0.8144492730498326 20.009046870586854
IMG_0748.JPG 0.016709972758904606 0.02199687580831083 0.7894482917267884 -0.6131951638383368 -8.189741988230347 10.644994600376885 -41.87312498552456
IMG_0916.JPG 0.5092010532327189 0.5646622720992301 0.4968478744795049 -0.4183455455477241 12.138470614019033 1.5424512967443726 -11.094678220725148
IMG_0754.JPG 0.6142060100697804 0.7888676099939558 0.0106992351212528 -0.01801103729396985 16.463496828953648 -13.50467053988143 52.57823713905075
IMG_0834.JPG 0.5571583214583856 0.6937313137313644 -0.35262424739781423 0.2897716503134069 -12.629605471247395 -3.705377061503133 19.58551891853376
IMG_0936.JPG -0.3364362820004124 0.5991210155084857 0.5544673824303694 0.46950032880780224 616.7427959676439 -2290.0489623613707 4080.5575626036566
IMG_0945.JPG 0.0045399507537956015 0.0017251729704332996 0.7589756866777567 -0.6511008521399764 -16.88431522108074 3.9277621886014344 -25.636388509035445
IMG_0877.JPG 0.2769653544676064 0.3313573237349062 0.6805546835979708 -0.5918934355648326 33.75284229815645 0.7689062238223561 -8.49472301378786
IMG_0980.JPG -0.010256682634073987 -0.027876040227983342 0.788582167326576 -0.6142116021511413 -8.056771059807867 7.799071701598658 -31.50800195219744
IMG_0999.JPG 0.4982736084924336 0.5899756738578849 -0.4983967017297643 0.39402137383745456 -51.38165844362916 -0.8944434643932934 12.611415478926475
IMG_1044.JPG 0.1231656410140684 0.14518310892407993 0.7652158936611017 -0.6149770124526404 -8.860487469134581 0.8465696990708915 -4.334335085304184
IMG_0816.JPG 0.6229830298539515 0.7294225265618616 0.2214181640610318 -0.1755246959317811 0.8814052822186447 -0.4459158973720441 2.9776212612214867
IMG_1002.JPG 0.5740237417151722 0.7309436970370221 -0.29438637986222305 0.22260888360705214 -33.94740703096644 -9.11132769251885 38.8273629366537
IMG_1064.JPG 0.12291750252276419 0.1653405312753721 0.7682353413907319 -0.6061091127259262 -19.140227231288826 0.5876898270678687 -1.7772799504765153
IMG_0854.JPG -0.42471913282389634 -0.5522724383141385 0.5622064934125052 -0.44557005157066887 -56.41129798814832 -2.4532589172482893 6.273675322645464
IMG_0882.JPG 0.17175689575928169 0.20318317789678483 0.7494403312363346 -0.6062634368781211 15.593604295335997 6.203466373231673 -28.204004519104455
IMG_0900.JPG 0.6967305343269221 0.7171769103594914 -0.0005352166933700318 0.01495176667912794 -1.7340646610246873 -0.7279256745704574 21.769910688551995
IMG_1006.JPG 0.6378677220698018 0.7621838060748112 0.09158031591314825 -0.0617548430169172 4.79514354263262 -8.95352883118417 50.108634035642325
IMG_0768.JPG 0.5139326967976907 0.5901634560614873 0.4628995409932654 -0.4162983224083887 39.45969495900481 -3.4951294251448664 23.548560970559578
IMG_1052.JPG 0.6134325081069728 0.7749434917336386 0.11577261872085544 -0.09879191956724188 13.854875017702403 3.001656264877977 -13.636996282793415
IMG_0767.JPG 0.6105264284114017 0.7430005932961723 0.2045150057606568 -0.182705257153349 10.642068171530143 -8.444922070959773 43.79554813080021
IMG_1101.JPG -0.40970618419194144 -0.4866147983482053 0.6076038761055176 -0.47556746146573675 -40.871073777028 5.115129770153347 -16.942044019278082
IMG_0926.JPG -0.2567054313205854 -0.3677504205083032 0.6984905241025616 -0.5576494754641198 -11.901539770168858 -4.4469655811242195 15.36867926201207
IMG_0743.JPG 0.6100035974359062 0.7209127150787454 0.25716173037349027 -0.2050568525662053 13.883739438005628 -3.0295839235784574 18.801390825982953
IMG_0915.JPG -0.034428385480990725 0.06276290331135366 0.7347314514407846 -0.6745703806904214 -16.77849116423191 2.78427001809757 -6.772829249420949
IMG_0751.JPG -0.012327651509706605 -0.033651956756416974 0.7842932615732771 -0.6193542239021799 -14.097503582768455 11.17541853266447 -49.13908102034834
IMG_0742.JPG 0.483276336906951 0.5445928998072149 0.5236246513886084 -0.44235707310217864 24.21129478051456 0.11416037517611072 2.317897025208775
IMG_0952.JPG 0.6297742374593884 0.7459212184005906 0.17272914139113424 -0.1309602591876873 36.35874106109055 -6.713035545348938 42.64761234821668
IMG_1096.JPG 0.12862135723131224 0.13965646564440173 0.7899030735760119 -0.5831001221255723 25.39574079219985 10.719256292818606 -32.05618008280787
IMG_0868.JPG 0.1937101981914322 0.191205464628837 0.7148548904481704 -0.6441267848917955 28.452288886701204 2.7664852944008516 -19.757567658176406
IMG_0897.JPG 0.6559753667782509 0.6934350986796106 0.22239188485696426 -0.19845889158489294 17.176474349994926 -1.0195841303918718 24.043502981290178
IMG_1110.JPG 0.44116080103177774 0.5622280409155126 0.5541654291562169 -0.42682250967985547 46.119376004956536 -5.077622700766192 20.555794435310965
IMG_0830.JPG 0.01575135261021014 -0.004582647084572266 0.76171953791914 -0.6476991892760848 -9.466804830537459 3.3500625518681404 -22.289050393181338
IMG_1078.JPG -0.42307896033713016 -0.5415410346300242 0.557309473583654 -0.46598675065478695 -28.25655500256909 1.59718414830351 -12.070172100500729
IMG_1039.JPG 0.5168336512568027 0.5982393718563919 0.4739229196741429 -0.3878011050744538 0.7722567512923926 0.8240172216110787 -4.601787885570631
IMG_0745.JPG -0.1702866625840424 -0.16911823225296393 0.7319016557283593 -0.6377471618186217 -13.7948676688685 4.153178762047923 -28.54628650466654
IMG_0990.JPG -0.1432119959656872 -0.15056162646220309 0.7372477260407457 -0.6428742577645569 -23.330224942268025 5.225716195810434 -36.92835827628735
IMG_0864.JPG 0.5696598689202073 0.6936399311277689 -0.33919128068162446 0.2816035418748053 -51.6732195262949 -4.881327648854573 24.006119097099553
IMG_1008.JPG 0.5352269338301018 0.6465624604137501 0.4332139007815835 -0.3283516868483397 27.45647124503109 -2.7357623332913032 17.661128738621947
IMG_1024.JPG 0.5168140262589296 0.6172699701084975 -0.4492385130466927 0.3873832787561758 -31.224675437496 -0.22131114124171 -1.5649337451956773
IMG_1079.JPG -0.36632957717880815 -0.45397487109122536 0.6215583282298788 -0.5228524666765758 -20.987086388560833 4.787015855302827 -28.207539517064106
IMG_0856.JPG 0.4472150525034999 0.5234967353099332 0.5365956313191446 -0.48786780318375395 51.300908555870414 -1.2124035436683516 -2.303248862040369
IMG_1060.JPG 0.2711144506528852 0.34574932356044336 0.6948875388371464 -0.5692852257643205 -16.08475867900964 2.442360391988795 -10.529093543030768
IMG_0978.JPG 0.5609550923840303 0.6992155809745229 -0.35035844860906623 0.2714330730385165 -17.67415464386517 -4.009391135132672 18.459103112202158
IMG_0848.JPG 0.354476194681555 0.5402424059809399 0.646956616020422 -0.40488505427023835 -1.017994682740977 -7.013070540405123 18.662497215494138
IMG_1045.JPG 0.14065213582554723 0.19515052729786436 0.7536038963779628 -0.611730672556992 -3.597998415907752 3.8998081253642196 -20.228422696730995
IMG_1021.JPG -0.42941193072427386 -0.505878888416191 0.5621044628447491 -0.49369070971253576 -29.948013077968653 -0.24212730008048014 -1.9350960145673533
IMG_1034.JPG 0.6445668718660627 0.7185407899216313 0.19591055661956305 -0.17277654562066677 0.6734028999266852 -1.4306586175242593 11.551356309828286
IMG_0744.JPG 0.4397415157525744 0.5812064148340854 0.532806447669485 -0.43005091791689215 54.768012377515326 -6.300806009777659 18.542882284436562
IMG_0928.JPG -0.14277229887268952 -0.15141115200550212 0.7420625569985535 -0.637207890114163 -17.70814686803561 -1.1137866028601762 8.437976613334499
IMG_0896.JPG 0.6918179937275926 0.7166560624343603 0.06888705648893409 -0.05519533657020351 5.748474961758698 -0.8129689659272258 28.618611297506394
IMG_0960.JPG 0.1268416143229063 0.10455874894050313 -0.5762694204783881 0.8005574482305805 0.5429377120579346 -2.4399184897801423 2.9626837874990453
IMG_0981.JPG -0.1628309807342237 -0.21995721336052793 0.752907105622902 -0.5985280163086323 -22.211095322593703 5.233194443865306 -24.167428982893092
IMG_0826.JPG -0.029872331080920356 -0.052331293119508196 0.70961041890654 -0.7020129151059239 -10.077698969499206 0.12179281156995171 -14.005911539914976
IMG_0869.JPG 0.6524757067980068 0.7530655130970758 -0.05012648946453694 0.06822844037673792 -23.256847343841137 -7.711034214119966 49.221603676954345
IMG_0875.JPG 0.32206177333546515 0.3712431194175978 0.6539002264970999 -0.5752123557679798 34.384907453378744 0.3850932334801128 -3.9652006128029513
IMG_0866.JPG 0.2723714233413771 0.19779555334473178 0.691585124089822 -0.6390623936375158 30.49671402383955 4.077352941708979 -15.996238506071235
IMG_0822.JPG 0.07286320353412 0.07632925207202859 0.7602919587497712 -0.64095314673485 -5.960839125736649 0.3579073212753288 -2.9111057074463624
IMG_1077.JPG 0.6416330589006577 0.7428196659976293 -0.14205426831438722 0.12785361311523236 -32.853489397886776 -3.817832730657022 23.69566150676066
IMG_0919.JPG 0.6503866814400959 0.7592174241845556 0.001016476582398765 -0.024187480134684938 15.90457406633476 -2.091473005252109 9.76788132679927
IMG_0842.JPG -0.30085896419687747 -0.33259070366211035 0.6842571104763252 -0.5750300116189705 -41.160773381299954 4.127159599880995 -17.856371171169634
IMG_0889.JPG -0.2435693038294084 -0.232050849135889 0.7039969814911649 -0.6254715402787714 -20.85563741654955 3.9914353658106934 -28.57787991359421
IMG_0997.JPG 0.47451501909543786 0.5886288019819277 -0.5150979497325641 0.40376445152029794 -52.01157880285884 -1.6439566107631791 9.937629880140113
IMG_1048.JPG 0.5236199435090072 0.6013792480260348 -0.44831796810694235 0.40395068297470055 6.243952147177614 -1.463435773638263 10.607387590645068
IMG_1113.JPG -0.4708763872978523 -0.36323660605088404 0.586390472516255 -0.5499825539525058 -20.412541324080497 3.192426578592831 5.850785126831093
IMG_1087.JPG -0.25142209520948333 -0.5164433534260396 0.687936487928291 -0.44364014845303196 -5.061141002397068 -10.297241400702621 21.60668409009664
IMG_0967.JPG 0.006860680098587754 0.010705376820927264 0.7554910669976057 -0.6550355514493291 -4.7267875890469195 0.9106574515185364 -6.324563757994451
IMG_0996.JPG 0.474103209593455 0.5868742407287537 -0.5171880403494467 0.404130304656472 -52.05785888241541 -1.4497228958540864 9.69402644237278
IMG_0991.JPG -0.14663291905755127 -0.14831854187783963 0.743337102508954 -0.6355708844947868 -23.376480096585023 6.160142235289552 -36.75979869487192
IMG_0885.JPG 0.1110898999969261 0.1321062430068038 0.7487045143592065 -0.6400379089205939 10.064446659286968 4.7999322214413676 -31.00858455079762
IMG_0814.JPG 0.5799748827358338 0.622519266965476 -0.39551721656534405 0.34592633471987305 -6.33497200416913 0.6313842777820067 -5.048878073387523
IMG_0766.JPG 0.6368904101108813 0.7708036911816236 0.014637390441019528 -0.00424522916415298 -13.441572145222349 -8.31131602627013 43.103748070732934
IMG_0851.JPG 0.5660570005282398 0.6733672070673483 -0.3620806989180713 0.3083077100402969 -38.761312691714075 -6.395373258800484 36.05132288393753
IMG_0824.JPG 0.012768783567339766 0.012341383899975676 0.7555771752035642 -0.6548188915425748 -8.904655175110307 0.5393338039376682 -8.70501022835199
IMG_0898.JPG 0.6861823311627566 0.7267877635249972 -0.012706360571487598 0.027783153014104053 -2.5795084189396076 -1.5368542422890172 21.61092501478974
IMG_0975.JPG 0.6032492197927236 0.7546120530669806 -0.1916887220095685 0.17293484911909895 -8.805975848460376 -5.495560687780439 23.13015191380901
IMG_0736.JPG 0.009177801587042983 0.01544490370538859 0.778996063192501 -0.6267713749351875 1.345787708615452 1.4876322652370841 -7.030514734768433
IMG_1091.JPG 0.1650739717437957 0.21056118623564588 0.767237158186666 -0.5828908249418713 32.039460775704136 7.060311489761062 -24.31385692874642
IMG_0850.JPG -0.24700920708068705 -0.27278640917738584 0.7058858556118938 -0.6052265571110902 -34.08215953934932 3.5519276841233864 -20.86725840343147
IMG_0954.JPG 0.6031672510604155 0.7022465629238377 0.27968760218872923 -0.2545856973433463 49.10578041627123 -5.070905192447023 28.118662550893454
IMG_0737.JPG 0.08348254968866425 0.10512102965480923 0.7643739793849015 -0.6306446326268719 3.269180823106001 1.463305582860977 -7.215913526352082
IMG_0992.JPG 0.33608163552086595 0.7112885730734849 0.5455123213484069 -0.2890225031684873 47.88078126796571 -3.4038852581547654 4.36634847963095
IMG_0838.JPG -0.32194941847931036 -0.3983603035982765 0.6674416112001367 -0.5405361561417406 -44.80901612591837 1.2339424016421807 -5.715006135125107
IMG_0858.JPG 0.47003667528437715 0.5565841328970671 -0.5247502580400785 0.44035984556008334 -56.11554350568039 -0.3142451433503742 3.0113028604371204
IMG_1049.JPG -0.4388250269429711 -0.4957421096857033 0.5727717482766045 -0.48332688812958774 1.4934575880533303 -1.8889886222200172 11.99826980578687
IMG_1015.JPG 0.5843355447638807 0.6863305313652548 -0.3256813819970221 0.28536644908239484 -30.41804488753614 -4.55700325708732 27.42165860301347
IMG_1050.JPG 0.5185916821051657 0.6173838831473244 -0.43743515077117373 0.3981837477234189 6.684886921253314 -1.3344951619763683 10.335760380284682
IMG_1099.JPG -0.4279806695831502 -0.5217010416768314 0.5795846894273992 -0.45688308937606076 -42.46474337565613 3.672347934724879 -12.847410434510651
IMG_1062.JPG 0.25032625515382667 0.32815734042966715 0.7082563400465505 -0.5727324704315747 -16.67614830726507 2.4639117657737923 -9.501560206018869
IMG_1106.JPG 0.5871488658958216 0.795847879412163 -0.03376471443285363 0.144021894764934 -5169.937158570375 -3692.6877645759746 8609.541383015345
IMG_0970.JPG -0.0940761609032389 -0.10690859382973959 0.7420152021919321 -0.6550829475960442 -5.554634329124695 0.44442223705796197 -4.5611852179320085
IMG_1076.JPG -0.3968306085994455 -0.5640092184048385 0.5797163328071447 -0.4339908329787528 -28.416553468517932 2.8446859127971678 -11.538578817304499
IMG_1027.JPG 0.6040957217352838 0.7830655204865261 0.10685480461258132 -0.10226827630061606 3.0561893854029503 -6.7124286120718 24.82992694700869
IMG_1038.JPG 0.08368006912034283 0.09422619430488023 0.7344196781030259 -0.6668933998427946 5.966171103873186 -0.17493234575618952 -3.4061727206258783
IMG_0993.JPG 0.39583035078647777 0.7092981288883744 0.5015391927098195 -0.2977800126396789 49.988853714161245 -4.720115190320543 8.987633968453183
IMG_0910.JPG 0.7100957753120696 -0.5516742031462623 -0.07754986690689045 -0.4305874842695856 -263.9702912416229 -177.09455645660444 622.9974762426601
IMG_1067.JPG 0.11149417196588085 0.12802023340156904 0.758291804507849 -0.6294230760574957 -9.731125811886018 1.5123852047631379 -8.748454513868767
IMG_1069.JPG 0.004057899581161041 0.0071117054102591976 0.7821250966635038 -0.6230676450163755 -12.145571849505616 5.508800277575612 -23.88303144269435
IMG_0959.JPG -0.011336784536123969 -0.03179299722482345 -0.5669314328542696 0.8230731638716259 -0.6443536441290716 -4.8086718852764365 -1.4824060540232407
IMG_1026.JPG 0.4613905662478864 0.5761788114505241 -0.5159736731401404 0.4346353543364686 -30.194770955929013 0.7751751728547984 -7.862838821796196
IMG_1041.JPG 0.54865370172521 0.5972029789751956 0.43646362372692304 -0.3896501285121559 28.90328771331186 -0.16466332232870423 4.665841965786437
IMG_0849.JPG -0.012250291022025598 0.007962767887288882 0.7488677742362907 -0.662558360756117 -10.290023535416635 6.460694744396391 -50.895357635101114
IMG_0806.JPG 0.4135911335395825 0.4772653864253336 0.5856318611078568 -0.5081293619080376 0.5200154637685417 -1.643806830505135 11.343546990102507
IMG_0893.JPG 0.4644110298805196 0.5509965601401539 0.5318278270512666 -0.44484193643693476 41.61986470819508 0.1298783095913238 0.435131519265313
IMG_0803.JPG -0.3054683934771762 -0.3565734923184727 0.6817158503733216 -0.5610774496556247 5.420071882065956 0.6920380150052777 -4.107432837503028
IMG_0986.JPG -0.11404676479035084 -0.12458015243989302 0.7394788877196591 -0.6516472171933241 -20.49651216521489 4.938089127978767 -38.8740261912703
IMG_0969.JPG 0.002346256988196368 0.0020813184864381185 0.7436761532494521 -0.6685326785427932 -4.787573926688955 0.5953101262205238 -6.191359439329609
IMG_1011.JPG 0.24426450514300713 0.27649472420600546 0.7219456449562734 -0.5853887637648663 24.737922549036238 5.206651243526466 -22.595420416898992
IMG_0755.JPG 0.6383387273691936 0.7696397354075828 -0.011337077949078221 -0.0070581503242723425 14.377757524944013 -10.578623324087634 53.87695513919929
IMG_0752.JPG 0.5857108928586771 0.7715538993533309 -0.18869952644750168 0.1613685815078352 -24.291434972423684 -12.011872507345522 41.95340806055278
IMG_0987.JPG -0.11208346669975987 -0.1231982289295655 0.7423386577141643 -0.6489936903732696 -20.293540596976563 5.354588590524583 -39.045461371191195
IMG_0942.JPG -0.09446135148880923 -0.11542669572824966 0.7618828273826032 -0.6303080900065109 -21.36210948640391 2.3251235234320813 -12.670379219341479
IMG_0873.JPG 0.5259984159138069 0.6039302599180411 0.4447080997492018 -0.40103442948074647 33.60101030025233 -3.704976861808234 25.881397206963527
IMG_0922.JPG 0.6241733813076857 0.743617585931281 0.1741408789004019 -0.16466763572864146 15.505615187819096 0.26665477807192217 -3.85995746696303
IMG_1004.JPG 0.6250713627389769 0.7681040668821034 0.11906971979605027 -0.07158446584631714 7.553877063492716 -10.194749528294059 49.60017836788253
IMG_1032.JPG 0.6680350320262062 0.7155490903306334 0.15712364730298586 -0.13050231710953022 -0.735016700543296 -1.240387233186311 11.635168326681562
IMG_0833.JPG -0.11739286828274968 -0.13620161390223928 0.7083473095131552 -0.6825775589281037 -16.70136067051065 0.4752413756639559 -17.786758705836014
IMG_0753.JPG 0.513345818097137 0.5756050699841229 -0.48822019647032805 0.4084065550517383 -39.66283302576608 -2.502755605937119 20.36260256405791
IMG_0938.JPG -0.10562932569669405 -0.07269254691442312 0.7654822463023393 -0.6305514806674246 -12.006958818487647 0.46289471134116306 1.94260225166456
IMG_0878.JPG -0.08047913143667752 -0.10472898595533925 0.7425327283037939 -0.6566582797023799 3.376351052372608 4.303681162222821 -33.49480805323785
IMG_1014.JPG 0.12282475697846681 0.15664004628973044 0.7777681632407826 -0.5962001838481696 15.751707252536374 7.951840378515466 -29.6573905835944
IMG_0837.JPG 0.640832622410516 0.6830313661139623 -0.25421110436931255 0.2412020260575996 -9.8207531101992 -1.723060869764083 25.360289810685735
IMG_0949.JPG 0.24423586368616484 0.289347380318487 0.7063493122262587 -0.5980782436352234 10.401001265656166 5.2314724592366355 -31.517137829407094
IMG_1018.JPG 0.6395040917857894 0.7449977749325516 -0.13420728224365314 0.1341686898182626 -12.387952373380694 -6.11737995040265 38.83122195923586
IMG_0805.JPG 0.2763514653882623 0.3564712429322726 0.709741429435399 -0.5411332773754335 5.426019947447624 -2.628079339738422 9.806395611299221
IMG_0968.JPG -0.120291583953923 -0.1401414805655438 0.7418306892193693 -0.644653029766454 -6.480696731266395 0.7682963146240664 -4.063751402595375
IMG_0891.JPG 0.5238253339680261 0.6302404740826004 0.4502105571980875 -0.3545622914366562 39.374347977066435 -1.6329247488290703 12.858976109071753
IMG_0832.JPG 0.03507434712461398 0.04978293227765535 -0.7031267209965057 0.7084520195809474 -12.177858984785924 -0.3362640816862645 -21.27578882191965
IMG_0841.JPG -0.13150589301976096 -0.1475317995811251 0.7492620396832324 -0.6320972742411987 -23.36006431998683 5.122713992168026 -28.49294949793278
IMG_1010.JPG 0.5739874770318558 0.7008514093007491 0.3398587653438427 -0.2526691471286454 21.630074690877482 -4.6029670741110404 24.19194701149112
IMG_0932.JPG 0.20800482263452846 0.2370708948109889 0.7223696900348222 -0.6153969576730848 -7.804957547002593 2.3273856018138357 -15.692982652792274
IMG_0905.JPG 0.16597280962663552 0.18547892377799782 0.7296663878525771 -0.636896818752432 5.96950090754938 1.4689273357774464 -9.56061088711895
IMG_1051.JPG 0.6071397990256145 0.782153037772704 0.10395741155284227 -0.09386557689217215 14.211195520641493 3.042664240098624 -13.24991607543291
IMG_0934.JPG 0.19812805091748423 0.20565768192578388 0.7391226668280803 -0.6100392419225983 -8.54627210141972 2.252564169999699 -15.247469388497876
IMG_0912.JPG 0.2359789880092447 0.475765444411015 0.7262824410955341 -0.4364343878280378 -611.7738350290612 -889.6773888270362 1554.7943887515419
IMG_0879.JPG -0.18458841629945075 -0.23797386584389638 0.7226603387580408 -0.6221395265770256 -8.332411350423493 4.955326252063524 -32.44964554496637
IMG_1071.JPG 0.0809067463748502 0.12760380957336873 0.7760015900890744 -0.6123666371975423 -4.75925236592806 6.44139712214459 -25.94700424715401
IMG_0935.JPG 0.6257447221483532 0.7798871274548227 -0.0036452376907156903 0.014363961010951797 11.601797424070758 -2.7161743780109293 12.328604816363399
IMG_1057.JPG 0.5923926986435821 0.7217271884998189 0.2678944324450918 -0.23751490277211337 7.1654530664445 2.9120673336628027 -15.31290200510934
IMG_0734.JPG 0.5318524857578123 0.6398757772317443 0.4330614132330233 -0.34662621867643684 2.723951585516899 -0.33938932124149257 2.0267827795333226
IMG_1029.JPG 0.6165342965527665 0.775000529017137 0.10160266516375734 -0.09453327260264144 2.547761455239898 -5.921708570717997 25.100421938741526
IMG_0750.JPG 0.5121982082143024 0.6595160725419535 -0.4280810074067949 0.3455983169207832 -34.864742420382825 -6.796791675320914 24.811353831347848
IMG_0988.JPG -0.0193350585577833 -0.008813434185993174 0.7517964388992249 -0.6590528001206434 -8.137926204450329 5.753161491048658 -43.080390859806634
IMG_0772.JPG 0.36045000001463307 0.49225400842981826 0.6112186908250535 -0.5041562264420967 51.29938155884431 -0.8746221684582935 -8.13514141451582
IMG_1059.JPG 0.27080671349268 0.34533800786231017 0.695256428612617 -0.5692309572799185 -16.102870804495943 2.4445049788694306 -10.511773141092624
IMG_0823.JPG -0.04599248516501092 -0.06139426043426201 0.7603129186125007 -0.6450113967094044 -6.380173227395185 0.005497240160639803 -0.6498263398652669
IMG_0817.JPG 0.5823531633284739 0.6701610791757308 0.35827319347477654 -0.28877195147161716 2.1726961870130816 -0.24182570146181367 2.09843609012951
IMG_0836.JPG 0.5983741658413657 0.5905143991858133 -0.3710421092705695 0.3944221788336874 -19.8592248014957 -0.4330915894522087 19.003913905322808
IMG_0731.JPG -0.23890259417234816 -0.34313506779605696 0.717109620818991 -0.5576178507501005 6.127797684171207 0.824340003836364 -2.155534122048528
IMG_0732.JPG 0.3052040809604768 0.35277177217945416 0.6649988152276025 -0.5832487646487763 6.385756085050935 -1.6209333321111823 11.00105491673005
IMG_1068.JPG 0.006338478447541453 0.003176174466622336 0.7780833011528994 -0.6281210966634815 -12.019467214319821 1.0215866347786362 -5.231191726054995
IMG_0872.JPG 0.604028644001353 0.6964100821294793 0.29230740832402236 -0.25439884782206024 17.171306905915127 -5.290021231163858 38.55506326413997
IMG_1025.JPG 0.04394612008960912 0.07103352199086778 0.771853453809481 -0.630289792972263 14.050326291765476 9.770375967820911 -48.64975842017339
IMG_0863.JPG 0.6137156180142007 0.6857181633517968 -0.28952472523701195 0.2632853473540032 -48.64804861965399 -3.4482224784429203 29.768141240756382
IMG_0769.JPG -0.42352320499542595 -0.536435110208377 0.5565586069057142 -0.47234307917582485 -30.86833014576485 2.232903526790335 -16.74857205726873
IMG_0852.JPG 0.5134271094081492 0.5782939263105249 -0.4764028914066172 0.4183407978868009 -49.81460717047074 -2.3396806707653357 19.51083510229112
IMG_1042.JPG 0.47774809415731345 0.52590420112227 0.5334998059539344 -0.45886761360779815 29.05262468067573 1.2084691703019073 -4.314576910505298
IMG_1016.JPG 0.6421188290344401 0.7460967595976171 -0.1291510828244872 0.11976240028756446 -11.384295323022025 -5.964879558969744 39.096300482356405
IMG_0886.JPG 0.5714217160016537 0.6185309036395146 -0.3966728988159869 0.36544131549338144 -32.22218231533911 -3.215237563360513 33.91123903619581
IMG_0895.JPG 0.658154331676011 0.7068085236239008 0.20062083690625218 -0.16433461725314966 15.283258629569588 -1.1322581636322206 25.035095912132235
IMG_1043.JPG 0.6098437883018536 0.7908725748109634 0.043071324532711064 -0.02749518657000755 8.993634158698688 0.05252086003368241 0.36438675433865797
IMG_0740.JPG 0.6316823010303743 0.7024513025549749 0.2528325050696936 -0.20884291341574152 9.374656115071629 -1.2114046096450182 13.97193549177065
IMG_0762.JPG 0.6538344245029432 0.7561631417421296 0.02667242366390572 0.0025357881361289815 -12.603253989452277 -8.247662999563328 53.50120164534227
IMG_0904.JPG 0.2655397002342418 0.29205335676539035 0.6871059424476218 -0.6099827278331263 8.527434267423462 0.9714319506459047 -7.139062926829194
IMG_0982.JPG -0.03707377826321318 -0.03124231435660989 0.7629073034877143 -0.6446874429086069 -9.295174376809902 5.454710896778401 -31.683958201020594
IMG_0951.JPG 0.633650440914381 0.7732467145269188 0.023892949804601556 -0.002400864838056546 16.693912890292577 -10.138104257717679 53.08247570167693
IMG_0825.JPG -0.05088550666718594 -0.08785872462268855 0.7563396191498275 -0.6462521877898707 -10.550846508081838 0.8665641422964656 -6.344060471809842
IMG_1090.JPG 0.38181208802136957 0.4406793470281619 0.6116162648243746 -0.5347399247726652 42.00794545414556 -0.9778257447867383 5.508932878702472
IMG_0800.JPG -0.13026150585728055 -0.16414417079803065 0.757282180410802 -0.6185566510167702 6.476506480547454 0.20310931776684862 -0.8199935937252486
IMG_0888.JPG 0.6407792833779137 0.6924187715446972 -0.2340861145776548 0.23486559085604128 -24.882474453201738 -4.570769279545076 50.63947894491517
IMG_1033.JPG 0.676981514414275 0.7359890911119165 0.00328374150274401 -0.0023030300374132294 -5.571900943916859 -1.0534155468400315 10.500298322020976
IMG_0908.JPG 0.7236438706192538 0.6664999837977371 -0.13670510101677524 0.1158837152873336 -14.204905721856989 -0.26748569139674383 -4.793117009277406
IMG_0818.JPG 0.6353698546487697 0.7255518922387483 0.20123460565456877 -0.17141829820478152 1.1075035334871484 -0.43173572740938193 2.757883864216224
IMG_0760.JPG -0.10916567204906442 -0.1424434377333771 0.769528056588705 -0.6128778778970438 -33.34296310527847 10.268429153024735 -45.9021807157874
IMG_0733.JPG 0.3651551074572988 0.4058263356055218 0.6286603774648053 -0.553852744538341 4.012717193850592 -1.5978294138967406 11.911622681499622
IMG_1047.JPG -0.42165264542837927 -0.5083356470554432 0.5772329754050847 -0.48021454438715855 1.3578866138867638 -2.2850725855403233 11.979953349365921
IMG_0815.JPG 0.6212371818504353 0.6809509608375364 -0.292271348678504 0.25484821279069964 -7.460236148551645 0.3987807336003442 -2.8706846130828696
IMG_0871.JPG 0.5740481073639184 0.6127274426901139 0.39244803073488477 -0.37552415978022874 29.625937244395466 -1.873400852075476 30.419819377333337
IMG_1082.JPG -0.2846383143412272 -0.331502948555223 0.6372854365173443 -0.6347866551141998 -19.30444903956653 0.07717514094869486 -49.43315617280845
IMG_1089.JPG 0.471954483255554 0.5338679099630584 0.5215979141576844 -0.46923302994675475 37.58003504308667 -2.532177488531811 19.076178596317042
IMG_1088.JPG 0.40431455326514215 0.5014462456272234 0.5940664028540035 -0.481836604840765 40.54886529594487 -2.652960076296353 11.628424279629307
IMG_0903.JPG 0.09295637063867614 0.10124333608148377 0.7341805834274256 -0.664896812276117 3.870666524931889 1.3164750473184827 -10.868814912755422
IMG_0923.JPG 0.6434330828535115 0.7630012699127423 0.02814170039146776 -0.05505428866350967 15.640483139146843 -1.176991531428399 2.3963655460142474
IMG_0876.JPG 0.4071452967332988 0.48259417857356196 0.5818389916803068 -0.5126392044267643 33.64321851108455 -1.778768655688293 7.611568598756609
IMG_1108.JPG 0.446336778821424 0.5599537546252965 0.5418398120290082 -0.4400510091486183 46.02189815739189 -5.252218857310371 21.252918225448855
IMG_1012.JPG 0.0799018174145838 0.07923653607457685 0.7707320770322705 -0.6271437924098988 9.742328113249343 6.882570441123585 -32.24576881094059
IMG_1081.JPG -0.20333052770003762 -0.20507136345087199 0.6858060792912066 -0.6680362669832006 -2.9060934043687077 0.9551004431949902 -52.9821114534529
IMG_0808.JPG 0.5759035993537048 0.666015824391181 0.3651979406266997 -0.3023051935941583 -5.092071559913475 -1.6718336436433052 10.360098879510899
