IMG_0801.JPG -0.30591046035290237 -0.39311203311450216 0.6764551231509359 -0.5424851942957626 5.0546224527921595 1.0574376113368553 -4.490397869409534
IMG_0964.JPG -0.12338400869216144 -0.14166463912039692 0.7142074035109889 -0.6742516601329458 -3.837519195116517 -1.458195370435942 -6.902125919988469
IMG_1037.JPG 0.1872248872223487 0.20514340646491028 0.71109888988173 -0.6459112889534617 6.41289395972309 -0.11292366253213475 -1.3995290551649637
IMG_0835.JPG 0.6006467170671005 0.7433536291101038 -0.22091839419017412 0.1945352576624308 -7.166920175681273 -4.981874587097246 25.705540662564346
IMG_0994.JPG 0.3544477795214655 0.6989110710981017 0.5593950095674217 -0.27012461857422587 47.808997436359114 -0.6280643410320348 5.991348713349781
IMG_0894.JPG 0.688918350693939 0.7207086187280815 0.0641866551281208 -0.043019370888791195 4.860322814714189 -0.9275657049997712 28.33151713828634
IMG_1063.JPG 0.25314434534352437 0.3296592506213802 0.7046118576973515 -0.5751215948759324 -16.573258207178064 2.3842492440689553 -9.622582868360418
IMG_0811.JPG 0.5637089838994902 0.6023624507194683 0.42593046216258773 -0.3714497285450699 -2.6577212526469554 -1.1234602650770724 11.271573139422754
IMG_1001.JPG 0.49590616781996044 0.5844436620617328 -0.5007709308535911 0.4021581199056164 -51.43164402187001 -0.9391466873094073 11.65788886974477
IMG_1107.JPG 0.5146333480411868 0.633936641324089 0.45533876693385306 -0.35488513521674886 36.917122479308794 -7.1374773647868475 34.35139165495029
IMG_0773.JPG 0.5612082115546142 0.7787734074552024 -0.2149614184888367 0.1798580320295784 -33.12774359859556 -14.753889798959833 42.92667588632154
IMG_0763.JPG 0.583193607947357 0.6999365141088459 0.3135836590872733 -0.2676553392330099 30.706627274608646 -8.346278850166103 45.5836877426264
IMG_0735.JPG 0.3719463965011264 0.4742087515028359 0.6253715027290881 -0.49567370487278306 3.6072760732897136 0.03313834376895053 -0.006569485526477175
IMG_1094.JPG 0.06617989084143809 0.06637634596907976 0.7745113897381162 -0.6255769416386286 21.630451627733887 7.435802609239888 -34.20264539143039
IMG_0995.JPG 0.23277366216403167 0.6146618502080713 0.6538952409790889 -0.374737569408827 46.350888904086155 3.6850721904841612 -13.079056014708353
IMG_0924.JPG 0.6232827041631136 0.7485715869161317 0.16690304129915526 -0.15265197266355338 15.829094332438368 0.2887120353764176 -3.318023790608948
IMG_0887.JPG -0.23766709035014738 -0.2475565294647529 0.6935090760580137 -0.6334629273359428 -30.046946055414743 3.8103255251533645 -38.58299769046516
IMG_0741.JPG 0.24252376806260736 0.27098807021286836 0.7007825132708769 -0.6137194447145818 17.760341783485146 2.4453989612930163 -17.344476837885868
IMG_0983.JPG -0.16070548355549769 -0.17971778504633812 0.7361302682015076 -0.6324456447243585 -20.504396465576523 3.9821912888168742 -25.893981848056463
IMG_0749.JPG -0.3096603717308486 -0.35781590362125165 0.6662665218249028 -0.5763394444167133 -41.49430039139385 2.13259601915289 -14.823171193395249
IMG_1056.JPG 0.6354959328671688 0.7573638323070142 0.1071946238172733 -0.10513922886911968 13.850289876887595 2.03281027683613 -13.731983296426145
IMG_0761.JPG 0.5967785982544344 0.7108917093696063 -0.2626765568050111 0.26360824858129006 -47.70742878669485 -7.119663634175532 28.42782111204318
IMG_0957.JPG -0.3178078369918519 -0.3576183813818031 0.6707252001092545 -0.5667759504273455 -56.08708050877091 3.4121811756030405 -14.160904349938985
IMG_0921.JPG 0.6379268952321875 0.767999945967501 0.028568586079173647 -0.0490835534855903 15.50159703783811 -1.0732140850520642 2.371135831693448
IMG_0862.JPG 0.5679642757227693 0.6330401964323219 -0.38556035468737254 0.35779869213984816 -55.61055498623993 -2.1363139063079966 13.79758288177493
IMG_1054.JPG 0.5702589212832645 0.7076538236588905 0.32607859084309077 -0.2601991182759556 4.943373908876697 3.7730307566416936 -15.962432758350664
IMG_1100.JPG 0.468599458534597 0.5714966355393132 -0.5266571272325759 0.42004572770528026 -43.979494176054416 1.71806186761168 -5.3945308267103425
IMG_1111.JPG -0.3766207063080703 -0.4694952749591638 0.6192977703061578 -0.5041837978999834 -35.16975821583338 -1.433751263742097 5.519470476846544
IMG_0827.JPG -0.1490695849444652 -0.17989165570562338 0.6927000553017562 -0.6823370753791104 -14.173879867147814 -0.3380465996701768 -9.782393719674559
IMG_1093.JPG 0.1531262781284473 0.1941502120968137 0.7513668694102963 -0.6118054148517004 30.970361805539213 5.221767268252352 -26.04264959255809
IMG_0929.JPG -0.31659932746504105 -0.4105593267333488 0.6651382258773149 -0.5373984048708385 -9.137068162244876 -3.9984371724006054 17.13060035793547
IMG_0943.JPG 0.0772546592739774 0.07404440282867578 0.7611359005958488 -0.6397040603703816 -14.219347538045325 -1.6351829882468254 6.338065006295549
IMG_0941.JPG -0.01574056737333465 -0.00818610759355026 0.7674705147623685 -0.6408386935505819 -17.28918059598255 3.3834820726951382 -17.735335771867664
IMG_1009.JPG 0.619284687352075 0.7401810521536508 0.20504614136566673 -0.16301707258752918 11.888816872390317 -5.413554632171288 29.95661071116738
IMG_0984.JPG 0.006146313242369966 0.019847277596168163 0.7556365018462986 -0.6546615808820909 -4.69400887528853 6.31907405050831 -43.55754539988574
IMG_1098.JPG 0.148408963175368 0.1646605357304912 0.7709810588175432 -0.5970342490734839 27.845094190533548 8.579563718242445 -31.10562789366844
IMG_0989.JPG -0.022225970865430895 -0.014164675088978868 0.7514307256043902 -0.6592853955734002 -8.650095414064047 5.70064879730478 -42.993672423887695
IMG_1066.JPG -0.05119056053739696 -0.06064608169271987 0.7634351924377981 -0.6409900827896243 -12.80279263968824 0.4903479506916734 -2.9824120642393157
IMG_1058.JPG 0.5914227520978083 0.7231628318990553 0.2686024602024767 -0.2347495798376895 7.31478705179993 2.7995973645134193 -15.331182485459397
IMG_1046.JPG 0.1274385823922681 0.15980019626801323 0.7396078342581791 -0.6412515547696391 -8.680927336672804 0.7885029711227444 -4.586948087121625
IMG_0847.JPG 0.3784439788544454 0.5397506391587419 0.6045911664546253 -0.4471229404107804 1.9274050898168777 -4.711723923235751 14.728784487610529
IMG_0813.JPG 0.580100333239654 0.7208216047150796 -0.2953201256495142 0.2380878849029785 -7.5783983789354465 0.5458809338442978 -2.7203190823466024
IMG_1114.JPG -0.4814337789872752 -0.46906177213630035 0.5239280871934425 -0.5231652987538506 -53.19107929906144 0.3434975155508222 6.430172762842044
IMG_1055.JPG 0.6361383424277568 0.7588337539310956 0.09977042504689676 -0.09769956742006936 14.154822361246293 2.0189559960230077 -13.431413577353066
IMG_0933.JPG 0.2942983590880005 0.3678615736442356 0.678467289355725 -0.5636918269306307 -2.058566045386648 3.3265803950250357 -17.27917189386206
IMG_0802.JPG -0.17237822302546585 -0.16382951336038928 0.7327175008566502 -0.6376289694775986 6.556851953678936 -0.1342618389111955 -1.1038362431437705
IMG_0804.JPG 0.3812369890202642 0.49336679872476225 0.6203514857860774 -0.47582727349517256 0.7077134579204307 -2.9766415228609424 11.053394731521903
IMG_0976.JPG 0.6232325567390894 0.7760026336363024 -0.0651686305925294 0.07179235611591017 -0.41261159120323104 -5.518356835938563 24.499396478406823
IMG_0950.JPG 0.116263193777647 0.1281121177557586 0.7574493670931957 -0.6295558842127298 -3.6614015707174925 5.927518823114139 -32.873946169573294
IMG_1040.JPG 0.46799077706936903 0.5330435928637213 0.5400241282392217 -0.4530155644173972 29.001968756491568 1.260343200905917 -4.365540506707892
IMG_0907.JPG 0.4104187756097295 0.463416486912771 0.5914890448746045 -0.516664589533446 26.86313522661609 1.6413203376910364 -11.837872434999857
IMG_0861.JPG 0.5351314650503082 0.640327957974696 -0.42389878691842736 0.35202874853931304 -51.507749692760605 -3.6929087298552363 21.7364216470559
IMG_0739.JPG 0.4352241942373893 0.5355695672297218 0.5631005552950392 -0.45460191820338997 17.85060017526551 0.11710422703325211 0.012845387187376186
IMG_0966.JPG -0.0763847404906785 -0.06947140870377276 0.7270653653138384 -0.67875993499465 -7.063237271512459 3.1559758692004336 -9.490081731455351
IMG_0870.JPG 0.637123198263197 0.663604713553736 0.2857189803618235 -0.268453866884311 17.595162480531798 -1.3250805663658847 38.645012589006136
IMG_0925.JPG 0.6210243451776553 0.7476099724369127 0.17704723428808983 -0.15512049716424456 15.524513658624937 0.5647742872000117 -3.5887266315776323
IMG_1065.JPG 0.004961721554614424 0.02174739891639503 0.7731521083456727 -0.6338282490708558 -12.15054090847619 1.26811953808136 -6.0198364701090545
IMG_1022.JPG 0.5016840220176352 0.6143487251981626 -0.45961911526690663 0.3995485637327041 -28.42119293711095 -2.4893357836777623 9.120993935307759
IMG_0828.JPG -0.04007718437467647 -0.059136546340110153 0.7155952487785198 -0.6948525945156792 -10.338932199198313 0.3621571860709377 -13.753929670569137
IMG_0918.JPG 0.5758282754666678 0.7500355779290203 0.26122750477246043 -0.19398097784091908 20.81489488338224 0.7188575388863676 -1.902283752786477
IMG_0931.JPG 0.3325118167928613 0.39538557808032593 0.6370952383670035 -0.5720277909239089 -0.4254107090814538 2.1191526245320604 -17.33474620923255
IMG_0974.JPG -0.2777401529882232 -0.346797970728611 0.6989105800364703 -0.5604601466916975 -16.916083346863964 1.688798904567782 -7.207562166665962
IMG_0998.JPG 0.567948591589657 0.7118891962222414 -0.31166464571334784 0.2711333956298069 -37.78525743823913 -8.903687286638469 35.27656261054818
IMG_0937.JPG -0.006023020840628351 0.03696826841004057 0.7748071873614856 -0.631087072252079 -12.103173211311566 1.0093242972956524 -1.6322738572021236
IMG_0944.JPG 0.5129237151030651 0.5740341083138868 0.48539832242478637 -0.4144666133289313 -5.107758993445397 1.6388481006511555 -13.996590456664023
IMG_0946.JPG -0.08798353488103808 -0.10293982204296885 0.7554563482148442 -0.6410522572844527 -22.98300550717473 3.3517853296250313 -19.94002791253004
IMG_1085.JPG 0.14549374494467146 0.20945980862759359 0.7492529789224391 -0.6112103830331393 34.87220041748482 2.251609714661799 -16.943232114580233
IMG_0809.JPG 0.511223516009355 0.5900152198839401 0.48021527970331174 -0.3999072919112721 -0.9358389239075496 -1.843204458111572 11.42051433392401
IMG_0961.JPG 0.001103259409168219 -0.010055166784936502 -0.5931286210212853 0.8050441698223726 -0.41212950444818675 -2.097023827480491 3.1065282685765525
IMG_1036.JPG 0.11007987638861093 0.08629676591049289 0.7585949431609029 -0.6363717476588375 5.811834683604258 0.0008333486574197577 -3.3274284576864437
IMG_0807.JPG 0.32365413647169544 0.3669857003733982 0.6684989747066257 -0.5600701888892127 4.55596027543411 -1.64392447694056 10.48579155956702
IMG_0810.JPG 0.5930989746144576 0.6718519081828052 0.3293106581922863 -0.29732660523970467 -5.961133601885611 -1.0915931486203825 10.07138901686666
IMG_1061.JPG 0.1272929258087396 0.161537082051352 0.764511418676119 -0.6109210856364455 -19.16385782156695 0.4420319025708489 -1.8304429019126098
IMG_0962.JPG 0.11951791408975539 0.09435517967372625 -0.5739168944170882 0.8046315719526655 0.2863120946964287 -2.251921414995973 3.016533010599698
IMG_0831.JPG -0.057220912742940534 -0.0983038024947866 0.7607515531212832 -0.6389985946647196 -13.703132169330319 3.3844320105303534 -18.974923893404295
IMG_0843.JPG -0.440968393226794 -0.5159548179396912 0.5604521775719813 -0.4745849330463667 -44.15337163151077 -0.8920544920533922 6.73307767032852
IMG_0845.JPG -0.41420223531484884 -0.5078517882369359 0.5725371197075864 -0.49267059583627526 -44.37121802046346 -1.8318895951982295 3.7513591175084304
IMG_1023.JPG -0.43576648376559846 -0.5357841726646732 0.5446054506544665 -0.4758653118961748 -29.116410421953063 1.0594026320085932 -12.17386596538004
IMG_0747.JPG 0.5522877182320153 0.69822251469108 0.35955307801892067 -0.2796161303567041 25.29899678833811 -4.365070663267417 18.69815431794728
IMG_1053.JPG 0.5710415867730645 0.7145526943190235 0.3212239643206472 -0.24523686093907773 5.59398539053366 3.9019472862195625 -15.921023051559894
IMG_0819.JPG 0.5634951184464329 0.6648552232864192 0.3813336034090589 -0.3082620094446759 2.5268676423539933 -0.253274446337684 1.625666516376651
IMG_1086.JPG 0.029703066915744692 0.03961060373280092 0.7870898827279553 -0.6148481474274891 25.094529143018228 7.081232681800711 -28.905305737799587
IMG_1103.JPG 0.26533545699358524 0.3199474494528906 0.720978237862828 -0.554455683872757 40.01669772779391 3.980464586136363 -11.223385579117446
IMG_0917.JPG 0.6000870048689891 0.7976882224194611 0.03703195287475437 -0.047092683794061806 16.669342260448595 -2.744156153308923 8.041803720740292
IMG_0963.JPG 0.03788080799862727 0.02318606859837743 0.728801400970622 -0.6832832271844387 -0.23426425209101268 -1.0742728381901545 -7.759812857691035
IMG_0860.JPG 0.4848581084682389 0.5614784226476438 -0.5108435987037901 0.43438855097375084 -55.84522543432507 -0.36785914449347273 5.717922460017845
IMG_0829.JPG -0.17295676953093897 -0.20887280982997347 0.6990175904007759 -0.6616891366022616 -14.763751129084966 0.18817704470842594 -8.534495221633877
IMG_0758.JPG 0.4277046069285366 0.4917914452912307 0.589373601953871 -0.4773349985810672 52.438177179915535 5.846204081396558 -22.24148757734173
IMG_1030.JPG 0.5683317272889687 0.7378278040358828 0.28510311909945024 -0.22655107774647404 14.186481552271811 -5.801065042564922 21.267383027974272
IMG_0765.JPG 0.16574470010268025 0.17978878215799607 0.7297041496278686 -0.6385425140222739 27.24168241147174 3.1822739235043658 -21.45200329000815
IMG_0909.JPG 0.4671374493662398 0.5238078834966933 0.5355596467175993 -0.46966346397610786 28.888356181411453 0.8241125424254658 -5.73517407085481
IMG_0927.JPG -0.3804458912386821 -0.499864945968636 0.602727924994276 -0.49205183473234904 -3.7973624530265058 -4.600894217412211 18.84712956660758
IMG_0820.JPG 0.0440558489128861 0.02226189927593126 0.7646591573542804 -0.6425417208955652 -6.239216180922829 0.13076275369980622 -2.189726995413142
IMG_0971.JPG -0.15336403144163463 -0.2089007023781802 0.7597374484277428 -0.5963547433050015 -12.862668923630082 3.0137282014567366 -13.039100899412523
IMG_0911.JPG 0.41721702899411495 0.8187569030658011 0.22686326571579016 -0.32264553780920197 26.770128116596013 -13.221866433366092 5.903175635884104
IMG_0977.JPG 0.5637275369075521 0.697330025146477 -0.3473157250939159 0.27443375751507876 -17.66378948299103 -4.024714372826826 18.475085777384578
IMG_1005.JPG 0.6475541038651107 0.761193422303403 -0.017566676192520433 0.030816688612377373 -9.88128314866792 -8.206200981735188 49.500972008335644
IMG_1092.JPG 0.05976694113337247 0.043256257507421396 0.7930654733522021 -0.6046519361671303 22.327618010210884 10.082122016718378 -33.91012328199225
IMG_0853.JPG 0.5582608336976841 0.670376287597442 -0.3722771575848329 0.31678098510926544 -39.80685072484442 -6.595448198032913 34.73494519612585
IMG_1007.JPG 0.5950461536569258 0.7296724782700487 0.2717765282351095 -0.19908708690875537 16.480214200219287 -5.519036423715029 27.67128597249188
IMG_1109.JPG 0.5440853125775373 0.6825433106904943 0.38008373502489073 -0.306010058721264 28.899739307667428 -9.480283558018751 40.66515339603279
IMG_0953.JPG 0.6598827150402935 0.7364900697268648 0.1083187862718691 -0.10200107904016391 30.182595907879076 -5.305498607789042 47.543180008638494
IMG_0940.JPG -0.09446558733923996 -0.1204332194581722 0.7648440449611683 -0.6257680715305242 -21.524701323995842 2.35362682172179 -12.537699330537636
IMG_0874.JPG 0.4386098134766078 0.5017554501370369 0.5577618566761803 -0.49473691091016825 32.6716022141986 -1.522288148275692 10.564247732284722
IMG_1112.JPG 0.44760865260029825 0.5493033954387601 0.5384439923663497 -0.4560595804951165 46.54855787941794 -5.7858514527896885 26.042360392389703
IMG_0979.JPG 0.5861373365983304 0.766170526430148 -0.20803194885422197 0.1617048401597215 -8.875455070180692 -6.407350965760954 22.993639091781006
IMG_1097.JPG 0.2325968810154571 0.2643353907022657 0.7052504599099735 -0.615343222080924 35.62855330294495 2.8709958987025934 -23.19149964793297
IMG_0901.JPG 0.6623586170836618 0.7217570827682327 0.15301544834979114 -0.13013088955056581 7.566242816432183 -1.5908102913295747 20.508274360057477
IMG_1084.JPG 0.11821832522063512 0.14845224950178662 0.766455791225948 -0.6136219335194053 32.318370843170385 4.643122352680198 -21.08985532647683
IMG_1003.JPG 0.6187712390982967 0.7841079844991562 -0.021586713797139962 0.04278827055244898 -10.997031152844414 -11.820199646731623 48.888503046557744
IMG_1035.JPG 0.18338065874965256 0.18582603625631372 0.752269286109523 -0.604922424300901 5.850706156058178 0.6268929767774499 -1.7411076358715987
IMG_1028.JPG 0.5685472516622478 0.7439090978016717 0.2775189088966667 -0.21525922056909041 13.658234702821112 -6.0922333603412016 21.650078529944462
IMG_0881.JPG -0.18426933486403063 -0.2243169039279843 0.7202462525367033 -0.6300571994253903 -7.761290756603802 4.479108686218001 -32.72555174522706
IMG_0930.JPG 0.33563764170861266 0.3843544208382909 0.6297484519738902 -0.5856927008993978 -0.6979528816319878 1.379890359118345 -17.5212360846224
IMG_0884.JPG 0.19930474528500225 0.2502459256939148 0.717537164683446 -0.6187043013253737 18.668414358295703 3.893903538397719 -26.736334881992445
IMG_1080.JPG 0.6511475942299694 0.7538815052038141 -0.07942628317251171 0.03689108539409723 -13.778828710844975 0.6643917637128729 -1.4435945714153215
IMG_0812.JPG 0.5151011191096269 0.6567392887586551 -0.4294576493229437 0.3448629744272312 -6.135095328363186 1.2025732633716577 -5.404948350402981
IMG_0920.JPG 0.6172579686373181 0.7271530972873632 0.2260845460943269 -0.197804831276815 17.842081804479953 -0.3248683291725278 0.22887108385390773
IMG_0883.JPG 0.45444955505193146 0.533362324400637 -0.5335460082580346 0.47363370857126325 -44.3566955910437 -3.8936870817776867 17.11761172898396
IMG_0902.JPG 0.17427366753519397 0.19025195858761082 0.7145081625890428 -0.6503160513558313 6.093152077931395 1.1220602509748265 -9.494788807789494
IMG_0958.JPG -0.40315789283041037 -0.48959188646837076 0.5986423290952114 -0.4892758526315654 -57.402369662229084 -1.2013711646203342 6.936681537457009
IMG_0857.JPG 0.5268963729558321 0.6251687669176819 -0.4398609208735399 0.3715731359031427 -49.92824906969982 -4.55818771828075 26.354262564769364
IMG_1070.JPG -0.12355062036099422 -0.13555943267260698 0.7648771009013492 -0.6175126759335715 -20.258441675385782 4.17474971718804 -17.626412826139113
IMG_0939.JPG -0.0066992208981024185 0.00027671388783883033 0.7718220631531644 -0.6358032295441537 -16.9257675359822 3.665540714799784 -18.15308295286278
IMG_1017.JPG 0.5996358568077593 0.6677485401701934 -0.32317351760386304 0.30017928617835354 -30.878646320245267 -3.167336715134353 27.16906729240718
IMG_0771.JPG 0.3745617229600538 0.45483803109212007 0.6291315757344299 -0.5069707502207143 34.64498968260595 -0.40120145179314054 3.5477620492871806
IMG_1083.JPG 0.20486181635260156 0.25740520606295064 0.7374066750578017 -0.5899199875174606 37.03129062636056 2.410900499801834 -11.201006532051421
IMG_0770.JPG -0.023028947656972984 -0.025843242592797723 0.7672480875621496 -0.640415620136117 12.115766019436062 5.930150707643913 -32.822595859325055
IMG_0880.JPG -0.0671209369222812 -0.07624905389192581 0.7464971045660457 -0.6575887274594748 5.725404635996482 4.373769745964426 -33.401245559250086
IMG_0774.JPG 0.598939606572236 0.7294948148356792 -0.2546396369933255 0.21039799922732158 -35.89825321871019 -4.06125688237603 20.688760744794497
IMG_0844.JPG -0.2873016695015145 -0.32663338186561747 0.6744175383629952 -0.5965981633403431 -40.219163317065586 2.3410775635178087 -19.376551098601656
IMG_0913.JPG 0.10008328546107588 0.06462333720838423 0.8079858038039556 -0.5770321491135859 -14.114449299004322 2.0226133809985347 -8.924337454846546
IMG_1013.JPG 0.0927980038180482 0.039993956352820347 0.8293724359033007 -0.549481916450815 5.883526428295036 14.426829095412625 -31.128915470315665
IMG_0840.JPG -0.00826899283525296 0.004758861563202346 0.7504865845883296 -0.6608168152726275 -10.666072068996028 4.699718543223273 -35.562347161255346
IMG_1031.JPG 0.6796406304702108 0.7333322676564191 -0.01275779884523423 0.012232628359138601 -6.301242628653059 -0.8893960007744474 10.087507518509744
IMG_0973.JPG -0.16255660465032237 -0.19678201626883524 0.7479741870591325 -0.6126881783182702 -13.16345995084048 2.7461435654662125 -13.315156410801382
IMG_0859.JPG 0.512172595762538 0.6144739831393928 -0.45546366512682734 0.39070936249840366 -53.91168444733027 -3.279188177709193 15.387223942263605
IMG_0757.JPG 0.5614814049672322 0.6639104652340581 0.38465810047257554 -0.3098381380165308 54.808519790429195 -1.7408884449438933 15.692928582412687
IMG_0738.JPG 0.18204611324408282 0.20469979206677086 0.7269444963130891 -0.6296895322781318 10.608740248238757 2.360543981801813 -15.042443032950986
IMG_0839.JPG -0.1497246548225956 -0.17421799775244617 0.7548849470225835 -0.6143120817272715 -24.67587325206403 5.810459961239633 -26.75833936542243
IMG_0764.JPG 0.5632729299470625 0.6533537997855156 -0.37030525883930393 0.3445670239164457 -45.63180167298833 -2.414072830034228 8.121310823774209
IMG_0965.JPG 0.05034478283515221 0.027869101921470907 0.734136947012855 -0.6765586885333863 -0.11938188828500025 -1.051817413807549 -7.83033348433172
IMG_0948.JPG 0.12139349013673245 0.1202139660138953 0.7656442321163635 -0.6201621826220758 -3.8549120962241585 6.565591382678694 -32.73781035918786
IMG_0906.JPG 0.4702179853955051 0.5414452717823003 0.5301836688885456 -0.45236858988999795 29.103603240972358 0.8164138099771127 -4.449965881099163
IMG_0867.JPG 0.6389097038555623 0.7668645871335813 -0.03689818001503477 0.04849350091731363 -19.613252267212143 -7.472101798469394 38.99367408958578
IMG_1072.JPG -0.03099675719977852 -0.03247364643895075 0.7888336217896351 -0.6129650727931422 -14.496443841184615 5.761517316944979 -22.22736882151268
IMG_0955.JPG -0.28084720959434195 -0.3328126459425626 0.6897384637911537 -0.5784647259174934 -54.52271927090445 3.5053789240157798 -19.692489139766348
IMG_0892.JPG 0.574298692417448 0.657365287007159 0.3682803068018449 -0.3200336028412407 36.187766742345794 -2.810980623144913 20.738113413895572
IMG_1104.JPG 0.20068783974702453 0.16767194098045582 0.777976672968032 -0.57128172341071 33.563539161217854 10.574836931724104 -22.57975221644563
IMG_1102.JPG -0.4331400521732966 -0.5284608825105449 0.5779687960962108 -0.44617357788038886 -42.59879383051293 3.9816306800203334 -11.817844408433835
IMG_1095.JPG 0.4898979353737698 0.8286674408177461 -0.22599418736814844 0.1491204637898342 -4.670470659920774 -15.024964076535227 28.857058510678616
IMG_1075.JPG -0.3443502395113174 -0.47471684846497575 0.6403616245989107 -0.4959877176634748 -24.40626741557122 4.364140536053105 -18.295500761531883
IMG_0746.JPG 0.2723709543833518 0.3513281503856684 0.6870860650354303 -0.5747132617131917 39.349277939839226 3.9109313310909077 -26.327130081610544
IMG_1019.JPG -0.32303052148842776 -0.40870958809727737 0.6536333694953538 -0.5489728345432213 -27.50851386693666 1.559150920937702 -12.307292231035992
IMG_0846.JPG 0.48579869845932183 0.6231219938280926 0.4878475929891395 -0.37111094216909596 -3.823596632499958 -3.9935513168610814 14.505079946853751
IMG_1105.JPG 0.4358755777436142 0.5057616347733841 0.5733650930991876 -0.4748369399418965 40.36345403040742 -1.4615900971347617 13.05552841172725
IMG_0985.JPG 0.005763214675216628 0.019479996455429558 0.7551423319294166 -0.6552460405244023 -4.737766275533396 6.239364881343365 -43.551766584354674
IMG_0972.JPG -0.28875402641339076 -0.37939218724232293 0.6890839568583967 -0.5457526737359303 -17.273945968274916 1.118898835223603 -6.187687202172872
IMG_0956.JPG -0.3930809592553777 -0.4797396165690631 0.6012373712497714 -0.5038361670004503 -57.68833892746797 -1.4883508539279302 4.823091246428263
IMG_0821.JPG -0.08160719656531715 -0.11186582368524098 0.7547627545022598 -0.6412171920466049 -6.287099630022218 -0.22467316899791637 0.20476762071136645
IMG_0947.JPG 0.2304158339824207 0.2661848231092518 0.7362295002643566 -0.5779448990491891 8.543725117801479 7.565801939630984 -31.585150522651347
IMG_0756.JPG 0.6351886598787342 0.7706863854296456 0.031765415479564046 -0.039608333141601025 19.686445968524147 -10.46294141320033 52.191007679436524
IMG_0914.JPG -0.2025605109071359 -0.2014127089451486 -0.6365722051470697 0.7163644238309249 -11.604257240106511 -2.0454196701513214 -12.98603887903263
IMG_0865.JPG 0.6038514878405622 0.7480543651381828 -0.21145038216379133 0.17625771845010074 -39.73511810109198 -8.785423718866765 39.888068160663714
IMG_0855.JPG 0.37364599714102936 0.5005740025252107 0.6133596593827328 -0.48332625115782285 50.15112639289774 1.566994008657055 -10.735714572263966
IMG_0890.JPG 0.5756224447625127 0.7232660158915099 0.30116677567638067 -0.23418719984393294 30.172588525037465 -6.052922227605927 27.63852720448407
IMG_1020.JPG 0.4335294285074947 0.5455640263007582 -0.5467719560092154 0.4641686718708265 -30.114362525838008 -1.0650652884907785 0.37647080253779724
IMG_0759.JPG 0.2153144545859612 0.2548929074731038 0.735645186040482 -0.5894874482308522 23.58954634474443 11.505886322386369 -51.11845368213879
IMG_0899.JPG 0.6747612195782715 0.7080194805955673 0.16124027454195042 -0.13193667236997617 7.8725102229052775 -0.829181578856568 20.116820275219034
IMG_0748.JPG 0.014218563076386342 0.022288660010185667 0.7903002957820844 -0.6121490754593545 -8.31393318971152 10.841320304401291 -41.928816047525
IMG_0916.JPG 0.4693447231985308 0.5799489322023668 0.5214772406993395 -0.4140486134207347 11.054043917515889 2.9993743158977937 -10.713318387030862
IMG_0754.JPG 0.6149925258880736 0.7882024645442263 0.011865589250417483 -0.019500661013304003 16.64924979063907 -13.422893999965124 52.604101476939434
IMG_0834.JPG 0.5641074908463951 0.6834952974189836 -0.35381861470436216 0.29904732914006293 -12.664493110432824 -3.594855486117088 19.33581134884036
IMG_0936.JPG 0.5977584636975578 0.7879933067170716 0.12554656471542916 -0.07739139315960947 17.365261099411843 -3.675085593787394 14.882299784860802
IMG_0945.JPG 0.013226755778475808 0.014773261048566178 0.7701270275572 -0.6375822810551435 -15.871709564606837 5.172979272951014 -25.74595000973234
IMG_0877.JPG 0.27530752179650975 0.3310832415808106 0.6816591556448806 -0.5915491958511263 33.71813739659761 0.7816822209056169 -8.597171406727496
IMG_0980.JPG -0.011492214948829332 -0.02726546414318156 0.7884549209157323 -0.6143804693708877 -8.078189801939144 7.7987204966096595 -31.499365082295128
IMG_0999.JPG 0.49422817317199674 0.5809498665794672 -0.5023621829769934 0.40726895594798335 -51.53868953942459 -0.9488027039235865 11.049580767460169
IMG_1044.JPG 0.1223828970933232 0.1449397122153768 0.7653910668311279 -0.6149726995054962 -8.873277179814028 0.8534621772725538 -4.322054448735276
IMG_0816.JPG 0.6234946623801557 0.7288793187885353 0.22147810939083898 -0.1758885774758433 0.88068931138041 -0.44854142258948687 2.97805811631307
IMG_1002.JPG 0.5741203394589594 0.7314395090906416 -0.29286798728731245 0.22273397222482497 -33.8742017061398 -9.191261692619786 38.908013551169255
IMG_1064.JPG 0.12368748269332104 0.1664057653510215 0.7663159059942172 -0.6080875431245011 -19.125431897329214 0.5941169245084258 -1.8304060960955049
IMG_0854.JPG -0.4224214698780133 -0.5535667011052866 0.5648231975123655 -0.4428304018079794 -56.41802452140123 -2.3813864629019483 6.194911285202987
IMG_0882.JPG 0.1787641119184215 0.19534304724729065 0.7523362880269391 -0.603220188571311 15.402849541140297 6.64818906251332 -28.3231245983999
IMG_0900.JPG 0.6965915105525433 0.7173115387632534 -0.0007637300425198268 0.014961300065209656 -1.7341573608929604 -0.7286612494017174 21.7660110574004
IMG_1006.JPG 0.6379935115532943 0.7620971096937631 0.09141166034000091 -0.06177526176548462 4.784669024845069 -8.940595033174661 50.107580101860066
IMG_0768.JPG 0.5187855118549358 0.5927762960554316 0.4623910198423739 -0.4070287462739525 41.519119625365256 -3.44119479505016 24.807573889317823
IMG_1052.JPG 0.3590008202882813 0.4404575817726423 0.638723977417153 -0.5187939960752728 -15.163620720264753 2.741384030588881 -14.021529198524274
IMG_0767.JPG 0.6104928260225777 0.7431573821135165 0.20436118487754185 -0.18235164079491745 10.612900585447546 -8.453272825645692 43.792287377189716
IMG_1101.JPG -0.4075976755499375 -0.48529959354000574 0.610336143255221 -0.4752244013437619 -40.72449509333094 5.304898445673994 -17.121745729880995
IMG_0926.JPG 0.27950484165538075 0.280741580837183 0.6999433797768665 -0.5942562354631019 -10.446916043954285 0.9001664028692353 -12.099606203051081
IMG_0743.JPG 0.6094982010221368 0.7214579907738955 0.2568273702197263 -0.2050609967919152 13.884802621524832 -3.049312362814361 18.817123284428433
IMG_0915.JPG -0.05801793498827545 0.0029140368530726065 -0.6791019230970684 0.7317417615899606 -16.287462106440895 -2.8347903030785773 -5.928188613321805
IMG_0751.JPG 0.1276254046039323 -0.08711858023057896 0.8628921391067703 -0.4811852713311507 -12.624598066451112 12.65273292146092 -26.228662678981046
IMG_0742.JPG 0.4834877614909881 0.5443094298992546 0.5234125201248089 -0.44272583252818937 24.21525967107673 0.09442212438807115 2.3316753819962033
IMG_0952.JPG 0.5192246423468101 0.6585167400602213 -0.40106584497664555 0.3686565635296022 -46.78453136634678 -10.394652397214697 36.96161977483147
IMG_1096.JPG 0.14453775104917546 0.16242660391004113 0.770770109649398 -0.5988654898513963 27.53675124463929 8.440264221443245 -31.315591189625373
IMG_0868.JPG 0.19237230106810743 0.1902493295072557 0.7157533508601837 -0.6438130405142635 28.373297336349683 2.8133897239583554 -19.8556401104775
IMG_0897.JPG 0.6599044335063474 0.6938590468069256 0.2142994786349116 -0.19277317048711898 16.930180688940187 -1.0001579655741935 24.421554677578044
IMG_1110.JPG 0.43897115260942465 0.5665711122192942 0.5546084201538335 -0.4227422409338974 46.036967139791074 -5.390216194201726 20.888384645958116
IMG_0830.JPG 0.01581416982793145 -0.0052539502636273295 0.7632816222387532 -0.6458509682518556 -9.491435117134625 3.4621183463299547 -22.251884867630707
IMG_1078.JPG -0.423005577933938 -0.5409936349405451 0.5577178730568354 -0.4662005384633863 -28.224789090488503 1.6142907988191046 -12.10528623504506
IMG_1039.JPG 0.632867011859252 0.7619151755024071 -0.09232428663317135 0.1021804126883084 -14.838921030100323 -0.05408621922859198 -2.9981356733722073
IMG_0745.JPG -0.1715154670073317 -0.1704292419222193 0.7310802574594952 -0.6380109522790601 -13.912316470769895 4.100949677968975 -28.507236061828014
IMG_0990.JPG -0.14315031999802272 -0.1522254321801017 0.7384874739921198 -0.6410707093907686 -23.504685657660595 5.430584123679501 -36.95937441795284
IMG_0864.JPG 0.5696719077636446 0.6923870029833874 -0.34016451703408696 0.283482375035168 -51.75462657215891 -4.843305364114847 23.798363091673576
IMG_1008.JPG 0.5328480989596301 0.6540429443054454 0.42480135323486556 -0.3283969255781773 27.314214388719453 -3.299356938850205 18.13232747884328
IMG_1024.JPG 0.51552436254069 0.6154613582990551 -0.4509506279368605 0.38998138318520936 -31.162335119293473 -0.20268446855756453 -1.9862817438608922
IMG_1079.JPG -0.3685065717370023 -0.4593589924094204 0.6177141749085412 -0.5211731197944719 -21.41213196674724 4.643461503510967 -27.93245031865625
IMG_0856.JPG 0.4473152941885659 0.5234201228506543 0.5369770750688757 -0.4874382252454956 51.30033597827006 -1.1570999200267484 -2.2928920309346377
IMG_1060.JPG 0.26994812145109726 0.3460706511408219 0.6959463765408629 -0.5683500304597803 -16.100337921423048 2.5049339048825097 -10.499176635507578
IMG_0978.JPG 0.5679385466700388 0.6976303272022951 -0.34150198303157314 0.2722758332269765 -17.556275252183845 -4.02699414658771 18.69015125364735
IMG_0848.JPG 0.15364709410730604 0.05553732813701327 0.859302574682888 -0.4846723231206234 11.93703068193822 -1.4923090173767823 12.607983306060458
IMG_1045.JPG 0.1406482536786942 0.19515335410233353 0.7536045465038376 -0.611729862446234 -3.5980101355686416 3.899933956540568 -20.228390156701824
IMG_1021.JPG -0.43131014284846647 -0.5004654868148766 0.5635073511920066 -0.49594891101377825 -29.79099192905016 -0.08184068921680222 -2.3182474082197024
IMG_1034.JPG 0.644561259398973 0.7185383169860595 0.19600597500063013 -0.17269953001934718 0.6739455984253 -1.429420739958818 11.555856564429405
IMG_0744.JPG 0.42587179817678583 0.5953567206131694 0.5175090721194904 -0.4431342313706167 54.515009728836894 -9.327685527199469 18.312035570514198
IMG_0928.JPG -0.2800174773717932 -0.08978503110618183 -0.5479635776466029 0.783112238525446 -14.388334703982068 -7.069004249343905 -6.357527852287519
IMG_0896.JPG 0.6917488966780223 0.7167679269323903 0.06868361221012673 -0.05486131860929587 5.737077684090101 -0.8143672566827932 28.632047960917703
IMG_0960.JPG 0.1283992373573782 0.1076905294209114 -0.5801974247626459 0.797049141532617 0.46217808171058394 -2.3113560359130556 2.9437221631675503
IMG_0981.JPG -0.16097245598258444 -0.21965053933568512 0.7526766746294921 -0.5994325086723006 -22.124407889797425 5.161797545283595 -24.199268238933886
IMG_0826.JPG -0.03060923406372736 -0.05375496686251904 0.7083741995696213 -0.7031212354293809 -10.166839288141567 0.017401817676325024 -14.002241046362988
IMG_0869.JPG 0.05230869846160873 0.05157790837749472 0.7486836109533915 -0.6588447238328963 18.398694524889336 3.9322266291358625 -29.258156164464733
IMG_0875.JPG 0.32135733608135353 0.370634580020797 0.6543349202993606 -0.5755043724563123 34.36742910031524 0.38822573149878375 -4.028986881443031
IMG_0866.JPG 0.21633898320479247 0.22898951536398482 0.7127114218799212 -0.6267405167381357 30.081888863548297 2.7362264667577407 -17.11572429297506
IMG_0822.JPG 0.07641710447349008 0.08037091236937267 0.7587431133062394 -0.6418799191431035 -5.859688448035477 0.3396702811860677 -2.913289797536712
IMG_1077.JPG 0.6724155410163634 0.7394102640998845 -0.02654112615028219 -0.020624504020340263 -23.437848256649936 -2.0879867157956604 34.306518969667245
IMG_0919.JPG 0.6502192866149803 0.7594256418870097 0.0011095075288120007 -0.022053180075763974 15.926726431404845 -2.0115697425670294 9.673569620034893
IMG_0842.JPG -0.3012639875297706 -0.3395559778774748 0.6812135180679189 -0.5743604186456982 -41.44956273666064 3.6031531940433763 -16.96081555959382
IMG_0889.JPG 0.7812666442347169 0.05049352981615932 0.14660951550444182 0.6046308659144702 -48.55301234730969 10.411455048526356 18.35932194908003
IMG_0997.JPG 0.47266163865848754 0.5858132434382849 -0.5186021040993978 0.4055436804792645 -52.04993880033616 -1.4413811058469252 9.42809519297234
IMG_1048.JPG 0.5206038056038741 0.6049681788746545 -0.4513192271649864 0.3991191994016919 6.263800107473738 -1.5599297640690284 10.532513737588403
IMG_1113.JPG 0.603430452628379 -0.46227077696937147 -0.34504847653307225 0.5505624092172015 24.913379288182703 17.91412972206711 51.406164279147305
IMG_1087.JPG 0.5779814696905609 -0.28934503711115095 -0.45741289685164305 -0.6107293279246333 47.517008956490535 -3.755356606149109 25.472793458536
IMG_0967.JPG 0.006295241921610346 0.009494756502149138 0.754880623694988 -0.6557632678779582 -4.8003637851771455 0.8596969737732166 -6.333714127855751
IMG_0996.JPG 0.473745259170936 0.5857911162922791 -0.5176906982741634 0.4054756939774786 -52.06733974208269 -1.432689193906961 9.511860157270638
IMG_0991.JPG -0.14229537729885672 -0.15005909772655296 0.7477145719419158 -0.6309969981660667 -23.38994222782194 6.760408421226055 -37.101177082735724
IMG_0885.JPG 0.10906269542602583 0.13500052660726342 0.7428509922982026 -0.6465698643795171 10.162782056400523 3.8365570681569485 -31.161467836543608
IMG_0814.JPG 0.5800017844298314 0.6191470202549602 -0.3977229239398889 0.34938713934591475 -6.26266328123694 0.5985187614280544 -5.098332933772284
IMG_0766.JPG 0.6359047056730328 0.7715541874011633 0.017224388734784456 -0.005715036249830675 -13.23499891582866 -8.426385106057168 43.14786379701383
IMG_0851.JPG 0.5657944514257315 0.673240565448411 -0.36261535310384907 0.30843781458169256 -38.78601904281963 -6.3874538059083426 36.01780351524723
IMG_0824.JPG 0.026777699478513325 0.0033871649302197114 0.7545979918522349 -0.6556320253137033 -8.854518509507693 0.4901396060228765 -8.624138085203885
IMG_0898.JPG 0.6864495911879624 0.7265350957717926 -0.014675074867923316 0.026802155647865086 -2.566822683864616 -1.5324941282375517 21.532204211143448
IMG_0975.JPG 0.6030847324342825 0.7549242196275622 -0.19222195727787866 0.17154867316492772 -8.790795742044965 -5.487317090399047 23.203873938967185
IMG_0736.JPG 0.018176579968584877 -0.000557860422038892 0.776438597417733 -0.6299304764594104 0.856781174665989 1.2272450368428414 -6.877511589740961
IMG_1091.JPG 0.16442416834318044 0.21003553671048283 0.7665738512251207 -0.5841355123610265 31.98686519701908 6.955811016032333 -24.389392788512264
IMG_0850.JPG 0.514221546447196 0.5671537413589641 -0.47809376906586865 0.4305103748022517 -41.87904864740948 -1.7137303258069765 17.565903194957635
IMG_0954.JPG 0.6038792997587574 0.6993176446351225 0.2887211763693244 -0.25084797296524036 49.28296436988282 -4.167948952980981 28.02414640004055
IMG_0737.JPG 0.08971432673515775 0.08657513658547747 0.7615230779150025 -0.6360335581606712 2.5265265920031275 1.2173380384551833 -7.159884363277416
IMG_0992.JPG 0.4923436878621269 0.652632384346376 0.40388857232166286 -0.4105395048867442 46.90970676495521 -8.55542554487952 9.456199487418665
IMG_0838.JPG 0.01327937648645247 0.01976681620459621 0.7802353006694092 -0.6250326445287337 -8.992456421047256 7.994244331094707 -35.32596672422447
IMG_0858.JPG 0.47004305569821886 0.5565756017376174 -0.524754438966993 0.44035883563830835 -56.11540431364236 -0.31336965870009054 3.0114733260004067
IMG_1049.JPG -0.43882229238761966 -0.4957478922701675 0.5727636635277835 -0.48333302055166166 1.4935129640754417 -1.88891682070437 11.998217288980404
IMG_1015.JPG 0.5848395984132954 0.6863378426161536 -0.3242349314136166 0.2859627933350558 -30.379496537472136 -4.596154177239427 27.475048402473906
IMG_1050.JPG 0.5198277910873493 0.6157160796701414 -0.4327597887908399 0.4042174440255975 6.674479658265591 -1.1964734756675373 10.375184640992577
IMG_1099.JPG 0.48862857223665496 0.587208985761859 0.4919054471055358 -0.41768020846384374 34.360944995782475 -5.534631514463455 27.478001371065453
IMG_1062.JPG 0.2559317277594615 0.3313341708786748 0.7040382220826775 -0.5736260103768479 -16.48961535933572 2.3756308061637355 -9.739594533927088
IMG_1106.JPG 0.379554296543503 0.44035185057305365 0.6208807464303471 -0.5258667914827371 42.335279340609674 -0.4563373355860315 3.8111233575219456
IMG_0970.JPG -0.09654818546618747 -0.1215829807249492 0.7475300637762234 -0.6458287934367273 -6.261991640799791 0.9936855497017637 -4.374013080808958
IMG_1076.JPG -0.3961573150785947 -0.5660535155725002 0.579126478944754 -0.43273007822750686 -28.493290558770752 2.8934956548035666 -11.543436203438096
IMG_1027.JPG 0.6038305458299819 0.7826645502892285 0.10938764156858484 -0.1042075693761651 3.0570151873517757 -6.707587744536705 24.84234520432149
IMG_1038.JPG 0.08890023919464302 0.08814728958682343 0.7282777497302301 -0.6737494505062719 5.877734745938053 -0.5436520286784688 -3.640828171181602
IMG_0993.JPG 0.4005727961897513 0.7079028049272373 0.4887131620400935 -0.315554272634118 49.94118725333223 -5.899097699013393 8.766363787695626
IMG_0910.JPG 0.6781036728934429 0.7031054828441627 0.18048883066564145 -0.11507332796025584 23.565900466917437 1.011289500228763 20.53939827578232
IMG_1067.JPG 0.10831416680824923 0.125382491019229 0.757762309023929 -0.6311446389197729 -9.828331398546192 1.4960242920245348 -8.730266349296981
IMG_1069.JPG 0.003524575642165304 0.008112722658050428 0.7824236842921644 -0.6226836591370388 -12.116527926466736 5.568597258774184 -23.893855461497942
IMG_0959.JPG -0.021211958322532226 -0.03394475983427167 -0.5983388875596168 0.8002427017710544 -0.6760915408598287 -2.1247770395307524 3.0939059011136925
IMG_1026.JPG 0.4611746040058203 0.5820100840794148 -0.5128404595465593 0.43078638523289225 -30.441571065610777 0.7479138558123462 -7.648975770516907
IMG_1041.JPG 0.6558920328496386 0.7345632673273312 -0.1219424169422745 0.1239051834591212 -14.589678676041087 0.08450788904587173 -4.076176401218299
IMG_0849.JPG 0.655432207948643 0.7551609075105399 0.01185799651591794 0.0001116693952807359 7.776218975048941 -5.661921307671894 41.619266872442054
IMG_0806.JPG 0.4224282616364342 0.4878261628121891 0.5785220719311303 -0.4988909810121525 0.15721375398734302 -1.6854517837971408 11.376726398126683
IMG_0893.JPG -0.4330070930945081 -0.5251389329025011 0.5426853528759003 -0.4921651818788341 -41.87413643710769 -2.3886012275919573 2.4914405055858806
IMG_0803.JPG -0.3067473557928816 -0.35665677963029935 0.6804456961795744 -0.5618680056815069 5.408063034328697 0.6694513471598147 -4.116687336435461
IMG_0986.JPG -0.11409635774492258 -0.12462516297467127 0.7395011663005298 -0.6516046461950967 -20.502700661944225 4.942709094431514 -38.86942718653574
IMG_0969.JPG 0.004015869436296574 0.0022812915985013053 0.7430481090302411 -0.6692220679026477 -4.720750350621569 0.5421988749797864 -6.201363625406882
IMG_1011.JPG 0.24401463087136924 0.27589984951166024 0.7226413174491532 -0.584915087235323 24.670681594251302 5.2971836626213635 -22.605278315295653
IMG_0755.JPG 0.6441005456327069 0.763832241784545 0.024764944295189887 -0.03288603138265946 21.375386706702745 -9.024918768872286 49.632862527003596
IMG_0752.JPG 0.5857180956564543 0.7715405003282905 -0.18866727439132133 0.1614441957689947 -24.293029804876962 -12.01277388374348 41.952346638888685
IMG_0987.JPG -0.11480219941346131 -0.12822468323350705 0.7423772272902947 -0.647498986887449 -20.79791229639417 5.375035151081967 -38.67668643304198
IMG_0942.JPG -0.09478385661558165 -0.11615428440458696 0.7602879121945757 -0.6320494389763727 -21.383316496580022 2.22860779749395 -12.668049782039246
IMG_0873.JPG 0.5258849937901684 0.6042024173038669 0.4447486773568239 -0.4007281200762359 33.59127971597799 -3.719642829380999 25.89394318742057
IMG_0922.JPG 0.6218755277278144 0.746032820646141 0.176682921486529 -0.15965276003564724 15.47534705356361 0.50851854223999 -3.619496404271863
IMG_1004.JPG 0.6251766795463515 0.7680310380717611 0.11898422911520813 -0.07159048213045677 7.546835695646774 -10.182806190663825 49.5959462485458
IMG_1032.JPG 0.6599867085775258 0.7229894438876706 0.15583956504043162 -0.13197665890607396 -0.7515334475681683 -1.2781514315124447 11.56875274982506
IMG_0833.JPG -0.13030426005181248 -0.127482914213054 0.7064010762022706 -0.6839345187489605 -16.802499981922242 0.5083895153536155 -17.824597728391655
IMG_0753.JPG 0.49585599333414027 0.5978738297074071 -0.48562296036684294 0.4010536846734555 -39.71684032169081 -4.050842595917557 20.824435966977653
IMG_0938.JPG -0.10616409485420994 -0.07305725270659386 0.7668927523502577 -0.6287028942063153 -12.017201006054918 0.4840005924494411 1.9489307344644338
IMG_0878.JPG -0.06846712143559189 -0.09080873795434204 0.7478587406522267 -0.6540438291303794 4.9264603442632495 4.799747380837637 -33.496197645948754
IMG_1014.JPG 0.12659251418924994 0.1772625201701428 0.7801010204011012 -0.5865106412191827 17.491945324612566 8.396129079299236 -28.485259622993194
IMG_0837.JPG 0.6420655865142267 0.6818004733623465 -0.2579485156318269 0.23740779351225863 -9.769895837198241 -1.7180694426614964 25.398109542262915
IMG_0949.JPG 0.24561662106793225 0.2906113253267306 0.7054634156475609 -0.5979455679490309 10.548445974425682 5.18199529926873 -31.468160526767708
IMG_1018.JPG 0.6397159000622039 0.744806252436065 -0.13371423050626927 0.13471346666115502 -12.38630345209686 -6.107807365358955 38.84696865941762
IMG_0805.JPG 0.27990319117379087 0.35020312995540376 0.7086507564466439 -0.5448174710192105 5.484966311759803 -2.4706144367935656 9.79361195440508
IMG_0968.JPG -0.11176882082114209 -0.14435118204909067 0.7403746404336381 -0.6469280166572188 -6.367886901683885 0.6028084169193765 -4.050094717368658
IMG_0891.JPG 0.5351412534551467 0.6224262806185358 0.44765984298757905 -0.3546970947472879 40.67211349848697 -0.2853525107494042 10.055213371610295
IMG_0832.JPG 0.011557009553786097 -0.025257724256468394 0.7358548268730557 -0.6765694026950837 -9.470376251702135 2.139597847398325 -21.35740542447503
IMG_0841.JPG -0.13049152999679564 -0.14594846513000573 0.7493544723838559 -0.6325653174523587 -23.168800578996635 5.117577608471122 -28.599925147291295
IMG_1010.JPG 0.5682495161949472 0.7041098933480333 0.33935015648347594 -0.257222115550489 21.746377110463374 -4.980375770417211 23.952071275964965
IMG_0932.JPG 0.2130863494932383 0.22383511325716876 0.706434410794409 -0.6367436477722819 -8.042444667857085 1.208144566823568 -15.69457927086225
IMG_0905.JPG 0.16576373782559706 0.1855354573823291 0.7299953865342589 -0.6365577058796117 5.963587573204233 1.4925108647021277 -9.54965665297232
IMG_1051.JPG 0.5170295324503941 0.6448010509323877 -0.4291722662911332 0.3643119997161066 -59.11375283995496 1.232642512949773 -14.770005510297453
IMG_0934.JPG 0.19748469192927226 0.2051866574794507 0.7389337653806368 -0.6106350157224906 -8.592916157926421 2.228106354185836 -15.247125028746554
IMG_0912.JPG 0.09453571629243819 0.11459741572539003 0.813242509828393 -0.5626429159441662 -13.283899426036925 3.734256984627956 -9.858704310324256
IMG_0879.JPG -0.18498373458861253 -0.23816324436407413 0.7224614181285145 -0.6221806701331724 -8.365327569543483 4.940417471260189 -32.44843764016497
IMG_1071.JPG 0.08106757966768531 0.12810592021373737 0.7762700860006154 -0.611900052552386 -4.727638898861509 6.474735888697323 -25.936656096991257
IMG_0935.JPG 0.615190204079289 0.7882675703324542 -0.0015299030623027795 0.013149515720066169 11.644546561149753 -2.9021414018284553 12.224090972261978
IMG_1057.JPG 0.5947621610215836 0.7198095975642347 0.2692047711999115 -0.23592563708625233 7.165681169440391 2.871093291301774 -15.332382002020786
IMG_0734.JPG 0.532140494747658 0.6390876853482718 0.4337916719440334 -0.34672497694557 2.71059611872002 -0.3380438010488532 2.0014367925117424
IMG_1029.JPG 0.6167565190352584 0.7748436591044057 0.10155797485056473 -0.0944175720798709 2.543499219034575 -5.919276109938156 25.10750533305966
IMG_0750.JPG 0.5280213242155435 0.6566903670486737 -0.4246097211724208 0.3311462330829391 -34.423870588358135 -5.685655567711593 26.574888648270978
IMG_0988.JPG -0.016147861726660457 -0.0026683093616783463 0.7509144174532273 -0.6601966861077753 -7.437560753224445 5.648546300641262 -43.25437843015584
IMG_0772.JPG 0.3572832724128723 0.49169800103707667 0.6124105414332265 -0.5055047653302137 51.22000043943851 -0.965665626982865 -8.489031129352234
IMG_1059.JPG 0.2716823495862123 0.34616331877710965 0.6960240608893632 -0.5673712755503333 -16.057510912787322 2.474234777781077 -10.555922992689547
IMG_0823.JPG -0.03758205228061767 -0.049318993841712074 0.7589845664486418 -0.6481494072245896 -6.238455655817514 0.0038058200564122786 -0.7860428121197783
IMG_0817.JPG 0.5820640955756871 0.6707094438646752 0.3584281174757954 -0.28788802537645225 2.177255121583739 -0.23120001470608273 2.1123008859662886
IMG_0836.JPG 0.5952373923787813 0.593585391233368 -0.3788524582646196 0.387065427150622 -19.84555008854429 -0.31444506689608537 19.00436009781537
IMG_0731.JPG -0.24040218738853403 -0.3435501709155985 0.7154986573251374 -0.5587859516206521 6.113939497764953 0.8014219869149362 -2.168634553429139
IMG_0732.JPG 0.28563275983611025 0.3449030656411813 0.6797986680671679 -0.5808008029555628 6.711287292489435 -1.8638937943441511 10.628066881937952
IMG_1068.JPG 0.005163987101290646 0.003928252455569355 0.7779594170265572 -0.6282810259187861 -12.03146462432219 1.052541585755419 -5.241253763229943
IMG_0872.JPG 0.60368552698373 0.6963130866206643 0.2933004626738561 -0.25433581837106883 17.221965436151574 -5.298102088924874 38.530728793332116
IMG_1025.JPG 0.4330437924431105 0.5597994153479254 0.5957756779620843 -0.3796696326432078 -1.2747974409867922 -5.000725652652187 16.449051773888527
IMG_0863.JPG 0.6138936535518967 0.6892585081259524 -0.28410324842863244 0.25950459598433184 -48.3026110178145 -3.75810620304554 30.39838747686265
IMG_0769.JPG -0.4270346061113962 -0.536642841599835 0.5522828776588463 -0.47396152669578917 -30.995368848353657 1.942579063153212 -16.571461070466416
IMG_0852.JPG 0.5147948028775274 0.5792712058268877 -0.4757034618681681 0.41609782190825123 -49.779078481865604 -2.272387734420872 19.730797383326543
IMG_1042.JPG 0.4791656186302323 0.5255048291465432 0.5332173351166737 -0.4581749207425497 -0.2700094560266799 0.559687559191258 -4.724337558914279
IMG_1016.JPG 0.6421252986960357 0.7459989885290917 -0.12847930552351938 0.12105237684693482 -11.406826993913164 -5.9758464850143636 39.126638200174746
IMG_0886.JPG 0.5735079927812697 0.6087623864453652 -0.40630044112061936 0.3679903403766626 -32.736869316085404 -2.2363656233569427 32.54824542482823
IMG_0895.JPG 0.6594042307560429 0.707200432138408 0.19727776784092474 -0.16166351338500154 15.147835536436009 -1.1704434428174653 25.35613897104563
IMG_1043.JPG 0.623465070278181 0.7738948453009797 0.0931092983762477 -0.0608993687609215 8.651142926959887 0.27029665220989635 -0.5967191004492305
IMG_0740.JPG 0.6338115753336625 0.7011207949183403 0.25260475847786695 -0.20713124800588004 9.353578947090202 -1.1573739318804501 14.012920260373003
IMG_0762.JPG 0.6557887816623855 0.7544493056922981 0.027219761984755148 -0.002530522409912294 -12.37213667727822 -8.05285743053169 54.00606270857355
IMG_0904.JPG 0.2649566985423489 0.2921679956448751 0.687560902756966 -0.609668610983394 8.513815245367665 0.9969013253616582 -7.143855204176207
IMG_0982.JPG -0.037086758112153055 -0.031241690394487882 0.7629061863073453 -0.6446880486312804 -9.295791756115118 5.454760651080229 -31.68375927895102
IMG_0951.JPG 0.6558667055782538 0.7542978737391113 0.027336915155045154 -0.011237226365523047 18.55544769895667 -7.379153663805125 54.33227823122398
IMG_0825.JPG -0.04909638705214737 -0.08697727547979243 0.7527317112955605 -0.650706899562771 -10.442974168146057 0.5235283250460556 -6.428297525392557
IMG_1090.JPG 0.38185726764777134 0.44070730195457075 0.6115796961353815 -0.5347264500877593 42.00793754755206 -0.9787405858429212 5.515660752689793
IMG_0800.JPG -0.13206953524988443 -0.16143883260317202 0.7548155498774143 -0.6218911696188177 6.482495099172843 0.1388041242567597 -0.8148113329221509
IMG_0888.JPG 0.6375500377757648 0.6943655557925171 -0.2286726194568545 0.2430951611443771 -25.182727388138392 -5.147003861945925 50.01951259608945
IMG_1033.JPG 0.6736716938738987 0.7388038807103269 0.015148679139762224 -0.010285535511248108 -5.443388160092973 -1.1275727928940265 10.494058240600163
IMG_0908.JPG 0.6486705387051839 0.747763815922275 -0.09398295660806122 0.10603306880634124 -14.696193302546984 -0.05268312940664638 -3.6951701117958233
IMG_0818.JPG 0.6353530352384392 0.7255666514608774 0.20123148437888108 -0.1714218323196467 1.1075431165562226 -0.4316635648650968 2.757902894462056
IMG_0760.JPG 0.36659231632282474 0.4321947420925041 0.6462947235816009 -0.5109999107546327 42.52887811598034 8.178763291185701 -32.41470445392947
IMG_0733.JPG 0.34264044630508006 0.41446372938738735 0.6505271680721603 -0.5363131036793406 4.1965665718433485 -2.280887132371409 11.722937202667708
IMG_1047.JPG -0.42190181152052353 -0.5083613833482311 0.5779175304006277 -0.47914391722280475 1.3667500213722112 -2.3012686437995185 11.9905566960109
IMG_0815.JPG 0.6216881317742707 0.6802593313335809 -0.29225186627174515 0.2556168140113019 -7.453866010084534 0.38591786453891846 -2.8791070450043517
IMG_0871.JPG 0.5711437939800511 0.6160689229641415 0.3965439251093695 -0.37014424784768735 29.57611980581313 -2.0725819668430887 30.46742444242083
IMG_1082.JPG 0.03748937202007197 0.0587552182343663 0.7606423799048044 -0.6454188881714951 35.5113148637478 6.133595300567042 -40.81370318893147
IMG_1089.JPG 0.472336757230036 0.5351506310922588 0.5202947220466623 -0.46883386398740157 37.51945734279931 -2.628774006169177 19.256977912149992
IMG_1088.JPG 0.40379333545671175 0.5016234061578395 0.5942911425890761 -0.4818121402326031 40.55301850649895 -2.673317132160969 11.595637024734325
IMG_0903.JPG 0.09214109688464829 0.10022700093165675 0.7347050023298968 -0.6645849276808536 3.7915116985943573 1.3437968483815763 -10.844801217786024
IMG_0923.JPG 0.6407742868894486 0.7651411391671319 0.04132936962357784 -0.04753139616989708 15.496344234396831 -0.604361604330877 1.954628750379327
IMG_0876.JPG 0.40858876774895964 0.4825915641392826 0.5820042903867602 -0.5113038304788963 33.64438290311015 -1.672848740261812 7.67567496355537
IMG_1108.JPG 0.4462301203838925 0.5601510356167797 0.5410852419365777 -0.44083586278575504 46.01982586910958 -5.319441262558325 21.234958144248637
IMG_1012.JPG 0.09384158375844864 0.13085915399287823 -0.7666564420558579 0.6215364340312062 -11.003610010901664 6.69972637885754 -31.918424663985757
IMG_1081.JPG 0.04702721225334989 0.113461666474135 0.7865765841548061 -0.6051546651955589 38.85527234175996 7.785535498750522 -36.752601414603795
IMG_0808.JPG 0.5531268571292671 0.667183053048379 0.38175014337588237 -0.32122310265582726 -4.582607813117696 -1.8567452044381039 10.579929318612457
