IMG_0801.JPG -0.3059467447327777 -0.39311107041564664 0.6764375961061597 -0.5424872849000255 5.054293583277705 1.0569910225324335 -4.490750523109732
IMG_0964.JPG -0.10587483001096358 -0.12432795869508484 0.7140237004760464 -0.6808107183464114 -2.5569889149422673 -1.6893762411536366 -7.359895251713846
IMG_1037.JPG 0.18516041153397153 0.20558752512819523 0.7133877803004418 -0.6438379193789712 6.351697876881282 0.013662854025973191 -1.4007390949100973
IMG_0835.JPG 0.6044970381768489 0.7377465114069726 -0.22653788407293451 0.19746899205196008 -7.185659154892812 -4.971164862643858 25.774952303631057
IMG_0994.JPG 0.35223309688873444 0.7006756720559176 0.5628878239869525 -0.26104165501389487 47.81451168333925 -0.28432178824529253 6.280898283111281
IMG_0894.JPG 0.6850076223792054 0.7249419923563326 0.057056751155158236 -0.04436431165292407 0.6156943616677416 -5.530160695396531 25.721503386898963
IMG_1063.JPG 0.2532941079674393 0.3297827922935859 0.7045230614464506 -0.5750936103506503 -16.567355744750433 2.383571836216521 -9.629686277715294
IMG_0811.JPG 0.5635340813965892 0.6029421378898941 0.4254297783321551 -0.3713483824786635 -2.668871600623823 -1.1253584365625775 11.27208215921267
IMG_1001.JPG 0.49593245328525937 0.5844703741517993 -0.500748141255235 0.40211526027589184 -51.430925058322046 -0.9387568374611206 11.663937115406746
IMG_1107.JPG 0.5157309374425875 0.632925282270669 0.4559462457501806 -0.35431653674856906 36.91412819866217 -6.9856320520953785 34.391204670496364
IMG_0773.JPG 0.5943177806151319 0.7390124652081222 -0.25290653516406036 0.1915339040040389 -36.35503606236837 -8.65950943643037 41.76716226752343
IMG_0763.JPG 0.583201129566924 0.6999409582114001 0.3135479889239234 -0.2676691168807761 30.704946949724754 -8.34677967223129 45.58462547492227
IMG_0735.JPG 0.37137570832817624 0.4738866641247983 0.6261986454289915 -0.49536528874287616 3.5953162047210485 0.045554356074756795 -0.004684627746148555
IMG_1094.JPG 0.0655858905683721 0.06501574999120019 0.7769220430721858 -0.622786947679523 21.497051218727524 7.769874114345734 -34.16962947912594
IMG_0995.JPG 0.23148478516344786 0.6098952030799875 0.6633836020032684 -0.36655808829027886 46.26423551061543 4.911132638350421 -13.027714556358502
IMG_0924.JPG 0.6193998682451628 0.748359104715061 0.1761696236218134 -0.1589550795693434 15.514304999510848 0.4712599180289054 -3.7499566101933284
IMG_0887.JPG -0.22356396221452576 -0.24145088002974097 0.6915846174548027 -0.6429862706401281 -28.746088878001736 2.8600106404853243 -39.61892135868278
IMG_0741.JPG 0.24255882567801842 0.2709946037241722 0.7005922235236564 -0.6139199273327579 17.76278342129553 2.4275345754632056 -17.342224048655467
IMG_0983.JPG -0.16070737556019807 -0.17972337475314165 0.7361313786142255 -0.632442283079976 -20.50474838110617 3.9823516692592418 -25.89388895884486
IMG_0749.JPG -0.31432726156926877 -0.36290093599125195 0.6640669134404985 -0.57316351747529 -41.77278676231242 2.128596997421027 -14.135435235968755
IMG_1056.JPG 0.6354951484651632 0.7573657415331774 0.10718939097503731 -0.10513555198666535 13.85051304626771 2.0327937727012118 -13.731707419844572
IMG_0761.JPG 0.5967452148900635 0.7109436618636885 -0.2626965533483241 0.2635237731601657 -47.70532112514649 -7.1195059573420645 28.431318151404152
IMG_0957.JPG -0.31759879314048856 -0.35788267230643783 0.6701341283366218 -0.5674251047468947 -56.09407877010748 3.308137003676033 -14.167937328798383
IMG_0921.JPG 0.6373894184029756 0.767885200761967 0.025458042208928756 -0.05864244065145537 15.468795078371611 -1.2920284269562918 2.138849589829917
IMG_0862.JPG 0.5679677508235501 0.6330361389856212 -0.3855584808615938 0.3578023736622154 -55.6105675521837 -2.1361901568942696 13.79725995936967
IMG_1054.JPG 0.5702589212832645 0.7076538236588905 0.32607859084309077 -0.2601991182759556 4.943373908876697 3.7730307566416936 -15.962432758350664
IMG_1100.JPG 0.4685988260371629 0.5714978893990689 -0.5266567732059573 0.420045171243869 -43.979523531083856 1.7180125081850353 -5.3944499807031505
IMG_1111.JPG -0.37679683751549875 -0.46819370065160637 0.6204968613521102 -0.503788097279653 -35.1763244847884 -1.3304055631373302 5.474295956712242
IMG_0827.JPG -0.14917894577076973 -0.1799581801686648 0.6927485194797991 -0.682246424899135 -14.180284447825676 -0.33192105532022526 -9.777993380017623
IMG_1093.JPG 0.15314229523815756 0.1941765825596571 0.7513615354266137 -0.6117995875088535 30.972457255453534 5.221234908103269 -26.040639697312542
IMG_0929.JPG -0.3154106383882727 -0.4123449159734923 0.6645449598688385 -0.5374642274377341 -9.122236105796524 -4.062291462380715 17.164910670908238
IMG_0943.JPG 0.07229500403228797 0.07778418631198622 0.7632704883074102 -0.6372920950637325 -14.194933084100674 -1.4771587760786973 6.32256560837862
IMG_0941.JPG -0.015713129415474772 -0.008178912100450323 0.767470327455687 -0.640839683100139 -17.288184511603006 3.383059895705544 -17.736335509098694
IMG_1009.JPG 0.619342815042785 0.7401175377119346 0.20508766810349935 -0.1630323778210069 11.890858317827012 -5.408531932716016 29.956408335166763
IMG_0984.JPG 0.006155044799179652 0.019836381195961473 0.7556290660444683 -0.6546704116983851 -4.694305355087896 6.317767819302007 -43.55784697242911
IMG_1098.JPG 0.148408963175368 0.1646605357304912 0.7709810588175432 -0.5970342490734839 27.845094190533548 8.579563718242445 -31.10562789366844
IMG_0989.JPG -0.02223999303692808 -0.01572850468757252 0.75075067423684 -0.6600238041032616 -8.779758610989289 5.593872161858846 -43.040071443243725
IMG_1066.JPG 0.6048922768645494 0.7917897845824273 0.08079240051284824 -0.025433411880958042 16.867525944720605 -5.014167708876649 22.042308962151793
IMG_1058.JPG 0.5949174476954199 0.725111336291873 0.2653123613849376 -0.2233744195402198 7.724194900082017 2.857968002533057 -15.080773218408464
IMG_1046.JPG 0.12746417475203745 0.15978854926611047 0.7396088087612464 -0.641248246532483 -8.680748145137258 0.7880892749147165 -4.587121932010865
IMG_0847.JPG 0.401701525999164 0.5302103158456808 0.5920425034872242 -0.4549709650574927 1.7424159063966034 -4.150964173508182 14.79148006424646
IMG_0813.JPG 0.5800911751271202 0.7208262657063381 -0.2953263546444592 0.23808836061409788 -7.578326770489841 0.5460075146355556 -2.7204490022205676
IMG_1114.JPG -0.47388638478225953 -0.47527269948380735 0.5306520729291786 -0.5176446009950657 -53.19442179699432 0.13736927222407827 6.264514161131174
IMG_1055.JPG 0.6370029502759195 0.7576188634038813 0.10224140924075616 -0.09893226668206258 14.07048025562793 2.016184000951273 -13.514081106373647
IMG_0933.JPG 0.29193117015849496 0.3685183280902178 0.6784339969203383 -0.5645332103376884 -2.106948786657687 3.362361330877745 -17.227499759857928
IMG_0802.JPG -0.1726590741109575 -0.16371873835622938 0.732424204389232 -0.6379183362022087 6.555998436163709 -0.13953752086557158 -1.106054346766814
IMG_0804.JPG 0.3815034892348844 0.493408017003707 0.6201503111471922 -0.47583317249023277 0.7031723084825116 -2.9729900756639265 11.055215046861184
IMG_0976.JPG 0.6231658116225839 0.7760873510266845 -0.06501998788109388 0.07159047406667839 -0.4106266869985675 -5.5194403577221545 24.49766509183301
IMG_0950.JPG 0.11629567555555645 0.12809827707708663 0.7574657867408588 -0.6295329452649873 -3.660704315943586 5.928767331681158 -32.87376499611189
IMG_1040.JPG 0.4693465235879343 0.5309452743856098 0.5396148569615027 -0.4545621657704562 -0.35194783391137135 0.7141359172106075 -4.6897686414254895
IMG_0907.JPG 0.41734836224267713 0.4762585307801789 0.5855818442748396 -0.5060553922725611 27.366868956654255 1.6221778510355591 -10.836065690981025
IMG_0861.JPG 0.5351314166359514 0.6402959116052478 -0.42391513726935837 0.352067420964656 -51.50935591074075 -3.6915969264154773 21.73196725236151
IMG_0739.JPG 0.43541888892268504 0.5355453411380385 0.5629667634621319 -0.45460972491979107 17.853260554234925 0.11422316782928231 0.017249580187066845
IMG_0966.JPG -0.07630533366975795 -0.06936564424788065 0.7271505364312573 -0.6786884416426715 -7.055502988872024 3.1630130278914064 -9.492501113564364
IMG_0870.JPG 0.636956827945331 0.663475372424796 0.28625353348806415 -0.2685988534696255 17.630339699366303 -1.3252792496040005 38.62882364184188
IMG_0925.JPG 0.6210691457468172 0.7480819103958999 0.17589897336708205 -0.15396792753085553 15.574103613977641 0.5625729591128377 -3.5189240616923696
IMG_1065.JPG -2.4644682124513496e-05 0.02580228645857087 0.7701619303784677 -0.6373263233241362 -12.492004410822524 4.167410903360413 -19.652751035383233
IMG_1022.JPG 0.5021776681348735 0.6131832162443792 -0.4601337184470005 0.40012609773789704 -28.43476151563084 -2.4368815633033383 9.080539033370167
IMG_0828.JPG -0.05735930037944572 -0.05354881045881842 0.7157056531309294 -0.6939797213426744 -10.732566048388989 0.4470813686448887 -13.722617458216119
IMG_0918.JPG 0.6017191356614243 0.7200787047389295 0.27730505113849757 -0.2062102067635127 20.51504431519491 1.0427066441991055 -2.9425990317113824
IMG_0931.JPG 0.339100960151882 0.3875073113329033 0.630551641866878 -0.5807350940201561 -0.4641867103968788 1.5236751774065844 -17.45860362162182
IMG_0974.JPG -0.2778392548439018 -0.3469173538479933 0.6988160076807349 -0.5604550699887113 -16.92122928565873 1.6846012296642598 -7.199651174367711
IMG_0998.JPG 0.5749804658929952 0.7082368585452916 -0.314914691741601 0.2619670837427144 -37.58975048757793 -7.857248189953772 35.86293719519762
IMG_0937.JPG 0.6123083453976362 0.7897105961386736 -0.004773952311497498 0.037588214669454334 11.192359644883215 -4.295391031222759 19.668835911484422
IMG_0944.JPG 0.5129456060258558 0.5740589101869354 0.4853182797124549 -0.4144989026170029 -5.1061029472726975 1.637734902563017 -13.997142431533755
IMG_0946.JPG -0.09386074077779796 -0.10061576211034738 0.757130711042471 -0.6386076386576652 -23.089361101694248 3.723175603374413 -19.784196453729326
IMG_1085.JPG 0.1466214187660479 0.2048496725558615 0.7488245072761744 -0.6130257975936921 34.764758651260394 2.420181335138993 -17.134674993752725
IMG_0809.JPG 0.5112459964923078 0.5899730780668966 0.4802181447115886 -0.39993728472926754 -0.9353018043798562 -1.842282657330733 11.420749183855241
IMG_0961.JPG 0.001746130882100509 -0.012082080063195109 -0.5918102602512559 0.8059848573203021 -0.38689814385939625 -2.151238082572475 3.130137335271759
IMG_1036.JPG 0.10996114129511374 0.08554949930871927 0.7584383552357677 -0.6366797404349908 5.778873881288777 -0.011905894498981709 -3.360386736814693
IMG_0807.JPG 0.3241811589212899 0.36641235799576993 0.6682796970639985 -0.5604023613444898 4.558522277491684 -1.6265745105587759 10.486472297504333
IMG_0810.JPG 0.6063821264373234 0.6672711092516331 0.3176203310833607 -0.2935426864664512 -6.17277728108102 -0.8540888533765935 9.9547232153762
IMG_1061.JPG 0.1272909929760291 0.16153479486400307 0.7645205526695626 -0.6109106626187232 -19.163895949495778 0.4420509715696649 -1.830278766382396
IMG_0962.JPG 0.11889043373736526 0.08955480098588824 -0.5814492616095628 0.7998510852401296 0.39586412127925935 -2.0760626858930036 3.036958065792051
IMG_0831.JPG -0.10132748505819178 -0.11337788911096527 0.7347370223934981 -0.6610897843386022 -15.805840053727948 1.6969379459122513 -18.72592218875882
IMG_0843.JPG -0.4415928316148254 -0.5155821245272568 0.5607572661943717 -0.4740486603130269 -44.155303887871945 -0.8127725397285244 6.75715963355903
IMG_0845.JPG -0.41390436675469766 -0.5079680650750042 0.5717099434892479 -0.49376042830594546 -44.36352436399268 -1.935078752209076 3.703335001418844
IMG_1023.JPG -0.4381494840829904 -0.5355754965273763 0.5494053167394511 -0.46833504572654744 -29.203366399796398 1.7759079205096444 -12.212437654258892
IMG_0747.JPG 0.549721204509086 0.6999545652259915 0.3545059832835367 -0.28669794514182395 25.28165570306704 -4.792901701691763 18.576054049011955
IMG_1053.JPG 0.5739474647918094 0.70916685071619 0.32376822737950217 -0.2506807141442474 5.300347476066411 3.598223108042029 -15.960611110170255
IMG_0819.JPG 0.5635543155060254 0.6648134665363852 0.3813375678402627 -0.30823894552778647 2.5269810186740123 -0.25379717306746724 1.6259200088147119
IMG_1086.JPG 0.029809772295542266 0.039667275768393136 0.7871043487987793 -0.6148208103267575 25.101791662312113 7.084082540992468 -28.899262671939965
IMG_1103.JPG 0.2638623276583102 0.31557035696366365 0.7287299080681013 -0.5474894911645527 39.87504313715742 4.756066052346351 -11.409841723088235
IMG_0917.JPG 0.6015732282411822 0.7966033477631194 0.0361985397410004 -0.04714258283858398 16.67793700505097 -2.7949357164231854 8.079543798313244
IMG_0963.JPG -0.0375679167193149 -0.022943648038406605 -0.7280890236669317 0.6840676971351556 -0.25450228011117376 -1.132040492740835 -7.768758938917263
IMG_0860.JPG 0.48360141075918506 0.5645461437332857 -0.5108835922175696 0.4317583610197649 -55.83517166137916 -0.47083099602176576 5.952932464870023
IMG_0829.JPG -0.17266565484937274 -0.20878531508715606 0.698755664939125 -0.6620693200525725 -14.749739115910204 0.15903871639834136 -8.54331285858592
IMG_0758.JPG 0.41965514542752064 0.4496158480766858 0.5993889767191155 -0.5123163111419562 49.46154504438504 4.936857732296899 -27.47805982444842
IMG_1030.JPG 0.5681130857711238 0.7382928640227453 0.2847833197512464 -0.22598590553431594 14.181755480486176 -5.801640016257337 21.26518525115522
IMG_0765.JPG 0.6349530673558864 0.7320678740306803 -0.1687274848309022 0.18011736709765067 -39.28554034302926 -7.121782794632323 40.59762971100111
IMG_0909.JPG 0.46536245052269404 0.5262760163973451 0.5386251703276697 -0.46513897933622494 28.90509506973771 1.0094555417418198 -5.6633408939142775
IMG_0927.JPG -0.3808467741677171 -0.5009162614711083 0.6022923032558951 -0.49120526772273176 -3.7599233771573695 -4.616591701529495 18.854187377471124
IMG_0820.JPG 0.04436663264146443 0.02221023065701621 0.7649531711627183 -0.6421720591012362 -6.237219783085125 0.13396147371119646 -2.183765415272365
IMG_0971.JPG -0.1570582332592343 -0.22360246821731683 0.7578600138048843 -0.5924380533425173 -13.570647648379419 2.9780582757477045 -12.745266180933953
IMG_0911.JPG 0.7112415757278666 0.618530542015556 0.28895395736783247 -0.16751417871796004 26.690134550512482 6.515013406400775 13.884147716985224
IMG_0977.JPG 0.5624929131037246 0.6977103324205576 -0.34936059479570425 0.27340298013312125 -17.683976658243598 -3.999277115028841 18.458290138548545
IMG_1005.JPG 0.6490844333556928 0.7599910315374568 -0.0212430001964623 0.0255296944870894 -9.798456535860637 -7.921231563235465 49.21753485414254
IMG_1092.JPG 0.056829692100229895 0.04362548973622117 0.7909099073073786 -0.6077242148080841 22.2200465129613 9.730473446440527 -34.05687850401774
IMG_0853.JPG 0.5574007751372418 0.6686549404819524 -0.3747138060980323 0.3190525191328305 -39.9638315739584 -6.530915015329979 34.49141177161155
IMG_1007.JPG 0.5951497568673445 0.7295732347528952 0.27182652306078503 -0.1990728595103353 16.48136229613241 -5.510568277416117 27.67203222906794
IMG_1109.JPG 0.5440853125775373 0.6825433106904943 0.38008373502489073 -0.306010058721264 28.899739307667428 -9.480283558018751 40.66515339603279
IMG_0953.JPG 0.6573240795954184 0.7380260065742297 0.11129257321333841 -0.10419515896473175 30.495436208471297 -5.5181983973806465 47.24647425839472
IMG_0940.JPG -0.09446808205963018 -0.12042607252546278 0.7648365862261771 -0.6257781866587832 -21.524603143249884 2.353431579534901 -12.537698362734535
IMG_0874.JPG 0.43861498052999215 0.5017522246029485 0.5577583283795574 -0.49473957905539495 32.671576127345276 -1.5221125047215145 10.564326472927883
IMG_1112.JPG 0.4187784037173025 0.5501142283911571 0.5646051036571573 -0.4507993580584157 47.61818706223438 -6.797866237384055 23.42167398265767
IMG_0979.JPG 0.5876674402177665 0.7669187532615676 -0.20414708551600905 0.15750102564408627 -8.803138761703957 -6.378783612653256 22.90491947051568
IMG_1097.JPG 0.5240013898525312 0.5291697427013459 -0.4936328373900554 0.4491420139468697 -31.82339131502277 -0.34649698285466995 19.25076113134055
IMG_0901.JPG 0.6664110599869473 0.7163007041162616 0.15807086636787485 -0.13350356405478817 7.642080878420814 -1.4456149065911623 20.150735763485173
IMG_1084.JPG 0.11763432207868764 0.14889563966878314 0.766460175189994 -0.6136212631619243 32.31731944598963 4.604466293670482 -21.095710089857988
IMG_1003.JPG 0.621888964794692 0.7816856492980159 -0.02060529990472636 0.04239201297370071 -10.883410746810247 -11.527890774892901 48.7118223273235
IMG_1035.JPG 0.11013657201229123 0.1041897312396691 0.746878826406511 -0.6474461012896905 0.2020639235604492 -1.0702353027689824 -4.135264977703697
IMG_1028.JPG 0.5685713566257884 0.74387733855565 0.27751427181835275 -0.21531127825825264 13.658309448975846 -6.09253264934094 21.65106246527405
IMG_0881.JPG 0.6296701385466738 0.7324130656982015 0.17200337116676928 -0.19365293213489077 13.934725299597865 -8.622804016783656 56.616670575896755
IMG_0930.JPG 0.34257925105625636 0.3892662163176533 0.6294914467918988 -0.5786637953037275 -0.2637195850463759 1.4564961971666839 -17.73125122942185
IMG_0884.JPG -0.3186656080141756 -0.33664260500443005 0.6641721999394576 -0.5865145143919012 -45.25006886468526 1.6365498836045809 -8.885750874371698
IMG_1080.JPG 0.7377809425296243 0.6742017884814361 -0.031937467656381266 -0.010546440547849797 -14.205193110392067 0.08261340286392892 0.6080897816941309
IMG_0812.JPG 0.5153501668753029 0.6572212155566218 -0.42947713603732807 0.34354602158233366 -6.155186435713596 1.2161540223838423 -5.382516928403398
IMG_0920.JPG 0.6148113306021253 0.7302349635583576 0.22888037602011782 -0.1907293874395292 17.860947424824094 -0.08455163291089238 0.369184804340216
IMG_0883.JPG -0.4353903037320861 -0.5101267479232967 0.5559813919992868 -0.4910098534854665 -43.89542766064401 -3.208712529129121 13.439688904612044
IMG_0902.JPG 0.17427231112949138 0.19025050787787237 0.7145023014816523 -0.650323278841547 6.0930891104091955 1.1215506043866479 -9.495100483600188
IMG_0958.JPG -0.4089518727306385 -0.4868221962392389 0.5961277310669204 -0.4903001563245858 -57.39959330929524 -0.837479588621691 7.209937482327453
IMG_0857.JPG 0.5262521526151617 0.6251930556928078 -0.4403909049662979 0.3718173823321943 -49.95895605102772 -4.586441216756161 26.27799953034895
IMG_1070.JPG -0.12362319647757332 -0.13494953315241115 0.7648073432257907 -0.6177181044315608 -20.239686511159356 4.178424046701683 -17.635221005584366
IMG_0939.JPG -0.003864761244219882 -0.001021343233951443 0.7711402482007877 -0.6366527609956242 -16.88289169487001 3.522195579800299 -18.194689063027884
IMG_1017.JPG 0.6025795473135286 0.6701984115900138 -0.31616154692116666 0.2962665261383081 -30.510368551051663 -3.263838653247849 27.749178168214474
IMG_0771.JPG 0.37473868266336174 0.45470756932455086 0.628965634575221 -0.5071628699324079 34.645029996717575 -0.39871330634598157 3.5474979422927735
IMG_1083.JPG 0.2066984476672818 0.2561382894170057 0.7369259752053263 -0.5904312284205042 37.03800607661498 2.5086096394320405 -11.168902341816585
IMG_0770.JPG -0.023123521014899426 -0.025949449788337492 0.7672354116557012 -0.6404231038407846 12.104770311796255 5.92960767366552 -32.826264460033386
IMG_0880.JPG -0.06710863159279255 -0.0764206123309507 0.7465235119485681 -0.6575400882719487 5.715115364106283 4.381380668598515 -33.402722036539956
IMG_0774.JPG 0.5989114428765624 0.7295376723087812 -0.25468011347668124 0.2102805461123422 -35.896377244569884 -4.058370584319576 20.69283788257325
IMG_0844.JPG -0.2887200994358905 -0.3279341921033092 0.6736437008059563 -0.5960738496157456 -40.371685438150934 2.3122306954986884 -19.19664162454901
IMG_0913.JPG 0.13546485420844648 0.13017975601207532 0.7973944900029077 -0.5734671147606673 -12.12188490563695 2.934618067376086 -11.011426167516822
IMG_1013.JPG 0.2409289678301365 0.2782312813101985 0.7268683007555177 -0.5798301992114381 25.185105478701814 5.489904280271027 -22.813313390128485
IMG_0840.JPG -0.008416590915994426 0.004620345095643097 0.7503082985993585 -0.6610183586417898 -10.689346542703488 4.669251282965006 -35.56089615024757
IMG_1031.JPG 0.6803780856530757 0.7328436743477084 -0.0011770642891681623 0.004942069532597222 5.229065416143276 -0.8086245156533265 10.315619839752646
IMG_0973.JPG -0.15651982975886572 -0.17855027309953903 0.7517071066203713 -0.6152704841976131 -12.254134160335127 2.8984644733258405 -13.649218229909936
IMG_0859.JPG 0.5144441558991054 0.6116902411290274 -0.45364711295807836 0.3941910149579398 -53.9354321820786 -3.2423445314144916 15.282146341260592
IMG_0757.JPG 0.5620385739747196 0.6642911207980973 0.38435013680522434 -0.3083908567566132 54.77260619815465 -1.679911804054279 15.851060560134263
IMG_0738.JPG 0.182027191935277 0.20468621680609858 0.7269492536684615 -0.6296939229789595 10.607436243411952 2.3605139871481247 -15.042907112675763
IMG_0839.JPG -0.14975279271887068 -0.17423741555435882 0.7548781386390246 -0.6143080822345729 -24.679290661424783 5.8099801315396125 -26.75591136425342
IMG_0764.JPG 0.5621457001404159 0.6541193851281147 -0.37077114807904293 0.34445434757803023 -45.63079597626421 -2.455168535237345 8.076159031806334
IMG_0965.JPG 0.050033731501554844 0.027784742180059347 0.7333412293263688 -0.6774476180370765 -0.13300620683815534 -1.1171678427454028 -7.839344544893703
IMG_0948.JPG 0.12109159382092557 0.12017095381918771 0.7658696145683139 -0.6199512087616872 -3.8716709203644326 6.590518873137419 -32.726253866293604
IMG_0906.JPG 0.47367965070227924 0.5383507426657198 0.5306349644040874 -0.4519210118302836 29.105866194842196 0.9547066864540132 -4.408463684117157
IMG_0867.JPG 0.6389142160823624 0.7668602030384173 -0.03687978571846296 0.048517366881327656 -19.613364992990014 -7.47277263520099 38.99350606836093
IMG_1072.JPG -0.029894425621642497 -0.03368947909753543 0.788599892198953 -0.6132548836647687 -14.517007298307853 5.699317944265062 -22.254862607456786
IMG_0955.JPG -0.2530733678105322 -0.3290065659989574 0.7171122360154366 -0.5598737277204117 -53.2169459896085 5.623362150140102 -21.858073185501443
IMG_0892.JPG 0.5746813389988361 0.6477535996794594 0.37722416934227077 -0.32841826802545665 36.37005471051078 -2.3137965180065154 19.468642132022993
IMG_1104.JPG 0.2079342656622534 0.16432003826690478 0.7767222973966478 -0.5713709293570475 33.623072024662925 10.890245066121746 -22.361048256587615
IMG_1102.JPG -0.4331341695177607 -0.5288718190598731 0.5779039875825877 -0.44577614487162137 -42.62772658849272 3.984165745607323 -11.762057553945315
IMG_1095.JPG 0.4811488366445735 0.8405287674437131 -0.18160589424581317 0.17037161521305327 -0.5530900282036005 -11.85100515218967 22.555039998615662
IMG_1075.JPG -0.34429736123753185 -0.47449191707591165 0.6400442518495368 -0.49664887329869645 -24.39513084751467 4.309881088736751 -18.296235832711716
IMG_0746.JPG 0.2723667824920641 0.3513241193817933 0.6870834243694837 -0.5747208599765917 39.348856103260346 3.9103316758238242 -26.32774411184741
IMG_1019.JPG -0.32191152424193076 -0.4081560100356093 0.6540912507544858 -0.5494963855372307 -27.435906147666167 1.5644175221482282 -12.416647356100388
IMG_0846.JPG 0.4858085538582819 0.6231324180709655 0.4878396536844922 -0.37109097380581874 -3.82402193618809 -3.9936098871547405 14.504790651010142
IMG_1105.JPG 0.44093277424545657 0.5185033721646669 0.5378512261015719 -0.49744205715953504 39.89662214640764 -3.5549442072260407 14.087233944216699
IMG_0985.JPG 0.005751910514704225 0.01943814088535169 0.7551470140369236 -0.6552419868990921 -4.741898373637793 6.240055872341961 -43.55288475272588
IMG_0972.JPG -0.28869949340200907 -0.3793581688605227 0.6891168195295096 -0.5457636771256849 -17.271436830057713 1.1197279059003638 -6.19015490753116
IMG_0956.JPG -0.39307500808220625 -0.4797271110846137 0.6012584950064404 -0.5038275092669857 -57.68842492705476 -1.486495422698449 4.821321031552981
IMG_0821.JPG -0.08254314765831725 -0.11199180265037308 0.7548817969448385 -0.6409352054264988 -6.294688048851918 -0.21708663979277834 0.21693541069552327
IMG_0947.JPG 0.23041682455411888 0.2662028610343507 0.73622993248524 -0.5779356454245581 8.544897613900545 7.566413633647319 -31.584670969206613
IMG_0756.JPG 0.6477324761807403 0.7603795066726976 0.028906884226982562 -0.03781583236211756 24.410235587781873 -9.162067730208864 53.14644979504931
IMG_0914.JPG -0.2062562837534535 -0.2046918924223546 -0.6374359206330562 0.7136070499059397 -11.42185130124035 -1.99193815950968 -13.09777428441568
IMG_0865.JPG 0.6036108895899573 0.7481670109576555 -0.21176228408462272 0.17622926182212661 -39.75013555826168 -8.792402652078257 39.87036339914527
IMG_0855.JPG 0.3730176139488774 0.49942480038047254 0.6141577574479122 -0.48398654672972363 50.087882442656216 1.6076035320141553 -10.87094245290203
IMG_0890.JPG 0.5781573417964905 0.7149722602398991 0.31095907948433693 -0.2405269342516971 30.585791201821117 -5.475579055126313 27.014829093489944
IMG_1020.JPG 0.43351626771678947 0.5455631978893485 -0.5467808827613848 0.4641714219771976 -30.1141778603095 -1.0649525774040292 0.3753912431652182
IMG_0759.JPG 0.2142827852482705 0.25504318955042543 0.735868686092419 -0.5895194112485238 23.527337026405704 11.518645699786696 -51.14474813472554
IMG_0899.JPG 0.6744794434648816 0.7086396851547833 0.16029756597943817 -0.1311943874870474 7.872000293885461 -0.8372827690535675 20.14416986352368
IMG_0748.JPG 0.01423333423456979 0.02234957817772303 0.7902619471746193 -0.6121960171379938 -8.308566606471521 10.836339548128747 -41.93068241279136
IMG_0916.JPG 0.44140224612683654 0.5380572951930093 0.5649234919776982 -0.44330559709470163 8.0660297452083 3.5250336288358364 -12.969650692348543
IMG_0754.JPG 0.6143452990506622 0.7887359508242792 0.012549239347266265 -0.017831713419578267 16.615823845123188 -13.435820607284008 52.66394473990615
IMG_0834.JPG 0.5640968915941234 0.6834660550117195 -0.353821829587319 0.2991303419047414 -12.665041412972345 -3.5952849095998607 19.33363775536537
IMG_0936.JPG 0.6173568357289384 0.773873741920402 0.11256492534583971 -0.08555177687665635 17.273785562914505 -3.8033600426162697 15.687074224261112
IMG_0945.JPG 0.0027481393656756496 -5.6202526198094125e-05 0.7558468052424284 -0.6547427369403322 -17.04894823412198 3.609618825380697 -25.622953494898304
IMG_0877.JPG 0.27531947603901197 0.3310920333399884 0.6816520732059888 -0.5915468727551293 33.71849250809953 0.7814636788553753 -8.595881868177926
IMG_0980.JPG 0.42176271199546006 0.5190907203754188 0.6838504541575855 -0.29156404980523193 53.18024100680429 16.058527304009917 6.2465656055967616
IMG_0999.JPG 0.49416626965529686 0.5809448440725544 -0.5024042868692126 0.40729929857038033 -51.539419084670136 -0.9505047156041746 11.042452747851097
IMG_1044.JPG 0.12250410061985433 0.1449376111854942 0.7653825590228381 -0.6149596511469795 -8.871892723383123 0.8520932839580825 -4.3231425561755366
IMG_0816.JPG 0.6235206447644097 0.7288506771991531 0.22149816930510147 -0.1758898999186698 0.880557353665943 -0.4486116402439047 2.9773222329317255
IMG_1002.JPG 0.5736374307128314 0.7317681211827133 -0.29311674243673336 0.2225715395309594 -33.879117959845956 -9.221836142403015 38.898233313114225
IMG_1064.JPG 0.12367972966543789 0.16639978626863397 0.7663522146293646 -0.6080449972923921 -19.125495486560638 0.5942880753313756 -1.8301379558092414
IMG_0854.JPG -0.42251228017441883 -0.5535665100254047 0.5648597955807105 -0.4426973045057139 -56.41866539332739 -2.3683696966270937 6.208454385924182
IMG_0882.JPG 0.17130491498384348 0.20263461621184287 0.7519835320909593 -0.6034190963824916 15.522039624554246 6.538240650538478 -28.14840474993588
IMG_0900.JPG 0.6965818268305135 0.7173227485019588 -0.0005683083763280314 0.014883213250153668 -1.7340854820683906 -0.7287524493374602 21.771724701195975
IMG_1006.JPG 0.6379990354473398 0.7620942870759592 0.09139739027097026 -0.06177414852595072 4.7837546673888784 -8.940100525012172 50.10812623062328
IMG_0768.JPG 0.5191589636413936 0.5928467741622226 0.4621834971099872 -0.40668549007239363 41.497647387055885 -3.421743079902783 24.85112465630217
IMG_1052.JPG 0.5127012342561874 0.7630530330401354 0.30628759722152227 -0.24713441878600964 5.482913145537961 5.961073340471712 -15.373718845190922
IMG_0767.JPG 0.6105144592715249 0.7430813791335171 0.20450831147454768 -0.18242398291687692 10.625974220226276 -8.448235959339996 43.79161466002598
IMG_1101.JPG -0.40755827999215966 -0.4858598468965734 0.6092484899737145 -0.47608059721881063 -40.75641929867024 5.170814275451517 -17.120609361577674
IMG_0926.JPG -0.23044583647074843 -0.3102461684222421 0.7030112122277967 -0.5970069236739378 -13.269494505894219 -3.479928551810996 13.982634607198563
IMG_0743.JPG 0.6096324014217573 0.7210978410385036 0.25732680338784847 -0.20530259385731475 13.888614559393183 -3.0375241059668756 18.799465339822223
IMG_0915.JPG -0.03785576397667513 -0.00707476165751937 -0.6840257623486736 0.7284405571661611 -16.53531260866924 -1.9890059631651544 -5.648500028313261
IMG_0751.JPG 0.5839307622693721 0.7228384690842006 -0.25158601151558113 -0.27061761084083424 7.620250566598451 -18.333408007823376 55.76573111257871
IMG_0742.JPG 0.4832905340996316 0.5445361412866081 0.5234153645831384 -0.4426590184336974 24.217039480400135 0.09029022484469094 2.33490099877945
IMG_0952.JPG 0.6161986486676674 0.7550701571985174 0.17862484964158418 -0.13513491842920725 36.98333424615543 -8.047018537506633 42.14671737440608
IMG_1096.JPG 0.14453855713810126 0.1624281473588437 0.7707698102309577 -0.5988652620435955 27.536879702669125 8.440228220746084 -31.315496123104616
IMG_0868.JPG 0.6370029579129641 0.7154584800312951 -0.20221129258012813 0.2036098919859195 -38.85782955749951 -4.671806164127929 32.0465378587408
IMG_0897.JPG 0.6559265265599687 0.6933642678673706 0.22260328505840582 -0.19863071585463762 17.181099544251396 -1.0202891312281595 24.046334205194345
IMG_1110.JPG 0.43897045205540514 0.5665713995092414 0.5546081841158778 -0.4227428930119362 46.036976697762206 -5.3902965852131475 20.88833718063377
IMG_0830.JPG 0.01591606884827905 -0.0052506126613869174 0.7632593435927386 -0.6458748208728058 -9.487702475209348 3.4589895315289434 -22.253456028336096
IMG_1078.JPG -0.4232159654459499 -0.5414397908751568 0.5573994105339037 -0.46587240376005806 -28.25682880301952 1.6081343981834035 -12.065064117939269
IMG_1039.JPG 0.6355499276353246 0.7601317122155781 -0.09093146403914162 0.10003768497244146 -14.871807580267973 -0.0683654661635806 -2.9141567824505668
IMG_0745.JPG -0.17151700774245437 -0.17042050288335187 0.7310726465052452 -0.6380215935090883 -13.91187786023249 4.100192796428472 -28.50769995981271
IMG_0990.JPG -0.14315031999802272 -0.1522254321801017 0.7384874739921198 -0.6410707093907686 -23.504685657660595 5.430584123679501 -36.95937441795284
IMG_0864.JPG 0.5696676125914771 0.6923765516647691 -0.34018265904206063 0.28349476248460614 -51.75552380528667 -4.8425084331813775 23.7961990212739
IMG_1008.JPG 0.5344978353791654 0.6470490471681034 0.4344879701734091 -0.32689416989054376 27.473381702905492 -2.738492833194574 17.71658207298764
IMG_1024.JPG 0.5155081841598168 0.6154230279666492 -0.45098758517640447 0.39002052090802103 -31.16124985964123 -0.20161076177784173 -1.9933412293573236
IMG_1079.JPG 0.5935367213801518 0.6152278281423952 -0.46424290174972593 0.23170543374613808 -0.4840763873551171 0.6122197068877578 -1.8094478859591008
IMG_0856.JPG 0.44739575180801694 0.5234517039128073 0.5367940263948703 -0.48753207911039126 51.30108449650369 -1.1715739349475118 -2.283021983607477
IMG_1060.JPG 0.2699613688110362 0.3460829228020068 0.6959262898217199 -0.5683608616270697 -16.099735170865554 2.504647214490376 -10.499831792086555
IMG_0978.JPG 0.5677078147649016 0.6969644482041385 -0.3421924964413545 0.27359219720890765 -17.580867555186487 -4.022300592342678 18.62641434318757
IMG_0848.JPG 0.33922144298164725 0.4605910767299877 0.6887320193713539 -0.44545805431130836 0.8191291335849726 -5.984867787387468 17.948477634144847
IMG_1045.JPG -0.3213846259648739 0.19907698081978423 0.8978185620360762 -0.22583646199090654 -6.221326834757046 21.21724571284934 -2.114278890719769
IMG_1021.JPG -0.4321348417686756 -0.48940550700830326 0.5670007626957315 -0.5022468151635869 -29.55384089529207 0.12334548189105994 -3.068238002078062
IMG_1034.JPG 0.6444628853287482 0.7186280644031915 0.1959806903486691 -0.17272192534917769 0.6737969208955754 -1.4297806227119385 11.555618192081273
IMG_0744.JPG 0.4403269797859794 0.5812087312113859 0.5326088212634457 -0.429693385041674 54.75482549822884 -6.2661509895592795 18.61615387356637
IMG_0928.JPG -0.2800488537692149 -0.08978452010656791 -0.5478481240152456 0.783181851465391 -14.387569972829654 -7.07147714198643 -6.356768824052756
IMG_0896.JPG 0.691981290022347 0.7166227471165724 0.06846162226383569 -0.05409934242769653 5.720237270669783 -0.8003839917990333 28.646561718253544
IMG_0960.JPG 0.12079334612137371 0.11565808423403998 -0.5715642233744648 0.8033346212148819 -6.043764079417073 0.15112892942237618 -4.76974585712672
IMG_0981.JPG -0.16403351695154786 -0.21879408702245115 0.752293731446359 -0.5993966086215636 -22.195489867299692 5.202185621998229 -24.236539371316194
IMG_0826.JPG 0.03084914562561783 0.05397727028522569 -0.7081334754850056 0.7033361681331707 -10.18551648912156 -0.001627746018436981 -14.00129992550708
IMG_0869.JPG 0.052238756405013374 0.05143100616542494 0.7487246899660734 -0.6588150746372433 18.387565836006036 3.938017299108888 -29.264294959225456
IMG_0875.JPG 0.3213624667895227 0.37064417484375567 0.6543315413614403 -0.575499169915046 34.367623369374925 0.3880734068487649 -4.028176358590559
IMG_0866.JPG 0.21536008330334622 0.22943461901242568 0.7131005242293968 -0.6264722120429257 30.070352252875953 2.72111482925789 -17.141094446882605
IMG_0822.JPG 0.0764003542983052 0.08038029988915943 0.7587073469278448 -0.6419230132738141 -5.859785652799881 0.3392800958703642 -2.9135288833618183
IMG_1077.JPG 0.6770807623796324 0.7342274508053118 -0.04293682768996483 0.025062332837777403 -25.987840880860986 -2.501752154676276 32.149405541836465
IMG_0919.JPG 0.6504124335797091 0.7591952799099763 0.0012644754097982 -0.024178385166747626 15.901693472157593 -2.088721613323135 9.782453817265967
IMG_0842.JPG -0.3015778839677616 -0.33939647284393465 0.6812044552408616 -0.5743007089344623 -41.45411301411824 3.623694332121677 -16.94852548168953
IMG_0889.JPG -0.5100642220330547 -0.04533204373362172 0.7171299249503394 -0.4727622721341755 -17.134333597964403 24.49720659363016 5.478820193046569
IMG_0997.JPG 0.4734125954328173 0.5856337401909233 -0.5173929781118219 0.40647034705637763 -52.04026670435879 -1.5020590399189955 9.425387456843318
IMG_1048.JPG 0.507711250034806 0.611242413616263 -0.444103861283485 0.4139852156511848 6.217877966908982 -1.2652988266234675 10.58399448929732
IMG_1113.JPG 0.5164167345996056 0.6978579377506453 -0.20554922175788146 0.4517273208237756 -50.76927166493782 -24.87714771696217 27.536355973725303
IMG_1087.JPG 0.5759001287300171 -0.29329107709082197 -0.4544541588967034 -0.6130177838277984 47.595539555418206 -4.277554644259566 25.263621040826834
IMG_0967.JPG 0.006254984196280508 0.009455203229912114 0.7548547064682251 -0.6557940579384322 -4.802373942347384 0.8592147591846321 -6.33802116510776
IMG_0996.JPG 0.47374625031745815 0.5857987648728019 -0.5176805436808535 0.40547645070699806 -52.0672607816018 -1.433682397039225 9.51277683687263
IMG_0991.JPG 0.836688078398279 0.5054952725116938 -0.19454184685877143 0.08112372498413663 8.386090782083528 4.489739212595183 18.80966772533302
IMG_0885.JPG -0.3934483845856162 -0.44606475964342734 0.6059815675256739 -0.5282148603460042 -45.63828489450225 -0.8767250671216514 4.932201569054194
IMG_0814.JPG 0.5800441281679602 0.6190332893670841 -0.3977738337336512 0.34946040295013897 -6.261093037841543 0.5973987294225402 -5.099432797553793
IMG_0766.JPG 0.6360583783842764 0.7714103656264225 0.017939449896836008 -0.005827797926732153 -13.196058532571755 -8.420060215493084 43.1465844602037
IMG_0851.JPG 0.5676224546462296 0.6630598134938889 -0.3640454435580105 0.3250036118806872 -32.21296878683401 -5.184538876973637 31.35214144517696
IMG_0824.JPG 0.026763004362515153 0.00337240858094563 0.7545995448711807 -0.655630913958503 -8.855725606537725 0.4902679140803491 -8.624161626105108
IMG_0898.JPG 0.6864658972697366 0.7265193518367681 -0.014666005740556655 0.026816255666205092 -2.566049446536651 -1.5315675376348767 21.530350945358467
IMG_0975.JPG 0.603010098810468 0.7549229312459318 -0.1923741110878794 0.17164611849613587 -8.793929796976085 -5.488286274838242 23.207331805726284
IMG_0736.JPG 0.019136436931474467 0.0010922371059787382 0.7771321954190767 -0.6290454313026981 0.9720079604747331 1.2991642343197922 -6.867988370076686
IMG_1091.JPG 0.16489180067918136 0.2091274594709498 0.7667030310603935 -0.5841599626188084 31.958453094034564 6.997557302303576 -24.388216675815453
IMG_0850.JPG 0.5142476940339432 0.5671933612708482 -0.47808466068421196 0.4304370538528384 -41.876985263718694 -1.7127192995649048 17.572023179453282
IMG_0954.JPG 0.5999314113391658 0.7013594097566006 0.29043112864149945 -0.2526401384390358 49.41041840735491 -4.509488182588567 27.68930869670684
IMG_0737.JPG 0.08314479178893311 0.10364214521091947 0.7603298408393141 -0.6358016848544187 3.1879983637805656 1.0813203226014998 -7.345090048267953
IMG_0992.JPG 0.5085426079396346 0.6060874576172866 0.48066862653937215 -0.3781535152417905 47.981292738914156 0.10744165885771587 6.688158904597331
IMG_0838.JPG 0.013280021633665182 0.019771370586707433 0.7802389186738388 -0.6250279703478961 -8.991956485553427 7.994968005581586 -35.325976072977426
IMG_0858.JPG 0.470046944536733 0.5565849610109703 -0.5247299890271481 0.4403719901670253 -56.11589381283492 -0.3161899966523791 3.011735330861325
IMG_1049.JPG -0.4401935726153419 -0.49664584352974545 0.5715132628435561 -0.4826438802333275 1.532881018988166 -1.8798075798032143 11.99936030290172
IMG_1015.JPG 0.5848295868829566 0.686343684804149 -0.3242513649446415 0.2859506128115676 -30.37992465357362 -4.596037633151125 27.47415817853806
IMG_1050.JPG 0.5159667516977412 0.601393145142111 -0.44208135342471616 0.42031972719910793 6.447034115001067 -1.1235136552215415 10.605648051475617
IMG_1099.JPG 0.47069669761676136 0.5719405784242755 0.5226746500824189 -0.422066113026859 35.966809527125136 -4.703351529802835 24.48758892973084
IMG_1062.JPG 0.255932427988571 0.3313287153147954 0.7040252284867662 -0.5736447963381865 -16.48979971441805 2.3752026575124807 -9.739431550910567
IMG_1106.JPG 0.36590606362941275 0.4498701668213469 0.6100749816479781 -0.5399426843384225 42.28661269321871 -2.351421219609584 3.5132710754257253
IMG_0970.JPG -0.09638776271472352 -0.12141424430058648 0.7476114249543636 -0.6457903202723579 -6.249639099145706 0.9984381880882023 -4.375522877491447
IMG_1076.JPG -0.40194475805810986 -0.5657727324684119 0.5765676075208699 -0.4311744665706612 -28.714976519754817 3.006334526290382 -11.375692846449654
IMG_1027.JPG 0.6032674367245444 0.7830572391472774 0.10964311351766004 -0.10425040846439952 3.056005007926129 -6.710739085301115 24.848633976688806
IMG_1038.JPG 0.08944533312948885 0.08846148211592769 0.743168275419425 -0.6571719812753174 5.912184339828458 0.6694508221468664 -3.5820366786393287
IMG_0993.JPG 0.40636370334009425 0.7110809149506411 0.47961216330063405 -0.31496769011244596 49.70725258595682 -6.425424678690048 9.400151911120279
IMG_0910.JPG 0.6639532824660012 0.7103792166146405 0.1885458707436132 -0.13776016089612 24.428285972237212 -0.019040161328663062 19.37440381279477
IMG_1067.JPG 0.1003719661176307 0.13238267452777552 0.7529764041574261 -0.6367313646151782 -5.991826725475367 4.0022498138603195 -22.78061690399899
IMG_1069.JPG 0.0032106759520644 0.009904033707427729 0.7816040473853847 -0.6236879947433979 -12.04530295613628 5.502643496616851 -23.848021467463823
IMG_0959.JPG -0.10391486177372009 -0.11245383773167217 -0.5788666296364263 0.8009177616805189 3.323706754817812 -0.08812093535986928 -6.741266427658217
IMG_1026.JPG 0.4647559454867815 0.5738639507641249 -0.5209353627270173 0.42814533164399654 -30.22003107643203 1.4047490120928061 -8.0709220762382
IMG_1041.JPG 0.6562212073114191 0.7345032467953164 -0.12124829349262572 0.12319723554938271 -14.60364258693181 0.08096948782715362 -4.0473328119638445
IMG_0849.JPG 0.6554210398142644 0.7551703288212628 0.011875072636859028 0.00013299113911758838 7.7762109962284764 -5.662618921061358 41.61909956233241
IMG_0806.JPG 0.42242938411427067 0.48782146277021843 0.5785164865144944 -0.4989011031542096 0.15728478437054186 -1.685236043472026 11.376762539991722
IMG_0893.JPG -0.4330607419441625 -0.5251115876690581 0.5426509848680842 -0.49218504945208474 -41.8742765126612 -2.387932331222066 2.4924875132105044
IMG_0803.JPG -0.3068061244706251 -0.3566590106865978 0.680341364129455 -0.5619608352348442 5.407493581394801 0.6679722940910867 -4.117364683805581
IMG_0986.JPG -0.11406320665765929 -0.12456690962073275 0.7394838340485299 -0.6516412579751196 -20.49661825671054 4.939584295285595 -38.873950522302295
IMG_0969.JPG 0.0012035470946057303 0.0005444370417018301 0.7429629734035622 -0.6693312148809722 -4.860192046264524 0.6078759773083805 -6.216422335930573
IMG_1011.JPG 0.5618904317562877 0.7123225720238396 -0.35149374570709047 0.23092822004872532 -38.93548239357796 -6.411157267139596 36.027966581162154
IMG_0755.JPG 0.6439819541833154 0.7639264242096568 0.02481295345960362 -0.03298451790005677 21.385095729330274 -9.039969447851268 49.6265817379909
IMG_0752.JPG -0.29884529782711117 -0.38605386714938567 0.6731591297977058 -0.5554373822454023 -42.981397965748165 1.7133177365069305 -14.428730895812054
IMG_0987.JPG 0.7081091070982171 0.37454667196824454 -0.5869895380789382 0.1172158911920784 -16.31760344553167 20.100873947625274 56.52692163697809
IMG_0942.JPG -0.09529287780943728 -0.11657982779292975 0.7598386818161366 -0.6324346518071902 -21.403547829507435 2.2069732131075845 -12.643974588129586
IMG_0873.JPG 0.5259984907464788 0.6040835193274995 0.44463749251362145 -0.4008817651883513 33.592440780743715 -3.7121953535905337 25.893210641742378
IMG_0922.JPG 0.6224580169420681 0.7447755122516064 0.17844622414722805 -0.161283596755845 15.438176150637211 0.5040652861336076 -3.755087767787288
IMG_1004.JPG 0.40443584089694457 0.4426364421448464 0.6099356484880101 -0.5181535828177242 52.40762935417033 4.408091257719191 -16.096923038288292
IMG_1032.JPG 0.6671978062904362 0.7156542284074819 0.15819241648395158 -0.1328957185566507 -0.7338997471788067 -1.2412869067282597 11.612313466035204
IMG_0833.JPG -0.13025916693924197 -0.12735284718646853 0.7064647890693462 -0.6839015305926713 -16.79608613007426 0.5128120137753165 -17.825528553780167
IMG_0753.JPG 0.5010387082694676 0.5880436165482439 -0.49675214327718437 0.3954772129997485 -39.67041528723577 -2.7011020005309807 20.721007074302538
IMG_0938.JPG -0.09509273582922861 -0.08831674158641854 0.775041557491637 -0.6184400608862656 -20.313792214706403 6.153713858766949 -24.68160537862364
IMG_0878.JPG -0.06983876980612964 -0.0927078674866023 0.7473690697770256 -0.6541920750656314 4.722264758921211 4.770996020466234 -33.529979611498014
IMG_1014.JPG 0.12257753822848888 0.15518501833628676 0.7781938488788611 -0.596076078007593 15.65845395940169 7.9908641238407165 -29.66123057664966
IMG_0837.JPG 0.6339154589999959 0.6918846721595668 -0.25993363214085413 0.2277746653022132 -9.654360746045194 -2.041345713291879 25.483107525509247
IMG_0949.JPG 0.24529058421617916 0.29053853655939704 0.7056057040365223 -0.5979468860190946 10.527109507365466 5.190803271335725 -31.471125711612768
IMG_1018.JPG 0.6397241184409556 0.7448006819103576 -0.13367944959952502 0.1347397538426407 -12.385660400559653 -6.107575692706914 38.84716552279061
IMG_0805.JPG 0.27991248769969423 0.3501818747472474 0.7085925086468466 -0.5449021109500688 5.485130988128305 -2.46927265914878 9.793905591256356
IMG_0968.JPG -0.1116363644736226 -0.14420422448513887 0.7406628246352269 -0.6466537280269248 -6.357654591824273 0.6250466206100702 -4.049139103706109
IMG_0891.JPG 0.5351235785659467 0.6224560175930204 0.44766268145381843 -0.3546679932818712 40.671811706489116 -0.28614362458819914 10.05671344898276
IMG_0832.JPG 0.0353088850751731 0.049777787582748506 -0.7029747952615919 0.7085914843723702 -12.18675601831544 -0.34614327205519424 -21.27290649014628
IMG_0841.JPG -0.13123920463931413 -0.14744456087020053 0.7495064487594527 -0.6318832612939095 -23.336742975842796 5.152918014864461 -28.50222465168658
IMG_1010.JPG 0.5684391282159547 0.703445383551518 0.3402297159262247 -0.2574592982859701 21.778710652038498 -4.933835064994501 23.919061704687042
IMG_0932.JPG 0.21564671696100654 0.22894322888061588 0.7028085280595305 -0.6380765348298384 -7.809919735221734 1.1647675207338717 -15.783614105493918
IMG_0905.JPG 0.16579711742990455 0.18550242128516606 0.7299260920644198 -0.636638097880452 5.963652808342801 1.487009322036172 -9.552307181815353
IMG_1051.JPG 0.4770094241348213 0.649979739119669 -0.4733467572596405 0.35486785626804235 -57.69061006979905 5.171844352816205 -18.187604549758568
IMG_0934.JPG 0.19685959376040355 0.20265288356882885 0.7384852380759845 -0.6122235394605344 -8.674173119440955 2.142582298664182 -15.24832746724616
IMG_0912.JPG 0.08927590568896254 0.11762070330773013 0.8224951104568115 -0.5492694931374289 -13.321598047270497 4.269099870219173 -9.755879120475662
IMG_0879.JPG 0.6044853319624834 0.7446428783371105 0.2170072092794646 -0.18169297813831195 16.904886209647398 -11.422909086829705 55.38617452025872
IMG_1071.JPG 0.08180581015530779 0.12873971853098126 0.7762132244393724 -0.6117408965426699 -4.668085508155699 6.475897688272862 -25.937987299888672
IMG_0935.JPG -0.014487374609163646 0.009694781666468841 0.7844338971415569 -0.6199674089826677 -13.406525665768806 7.17335502856669 -28.826268907489833
IMG_1057.JPG 0.5846371431445878 0.7223907340673252 0.2863659528448987 -0.23312138306178598 6.675553154367101 3.3862881505009597 -15.52870318988958
IMG_0734.JPG 0.5321404411318036 0.6390996201742042 0.4337772056057701 -0.3467211592938735 2.710957478150032 -0.33821541543569084 2.0022913460164737
IMG_1029.JPG 0.6167621142888695 0.7748427405649039 0.10153957050043591 -0.09440835447342336 2.5434795932354453 -5.91934865022222 25.107814385478257
IMG_0750.JPG 0.5274159152320964 0.6569539058425734 -0.42447644826351033 0.3317585911889455 -34.438049491380475 -5.746481060513648 26.53793716589014
IMG_0988.JPG -0.016282272553007425 -0.002794880388112951 0.7507549169656372 -0.660374235487761 -7.457206173140546 5.625614273181246 -43.259544161238246
IMG_0772.JPG 0.3573372283700861 0.49179637311087515 0.6123774816982148 -0.5054109738863285 51.223648256184454 -0.9659882788953719 -8.474259933054766
IMG_1059.JPG 0.27169690014226244 0.3461679962334978 0.6960132247077578 -0.5673747472955409 -16.057063453668054 2.47385462301125 -10.556434795432482
IMG_0823.JPG -0.03741470329807406 -0.04913736883097182 0.7589898245149662 -0.6481667264247873 -6.236511679047294 0.004003333274168462 -0.788536212469747
IMG_0817.JPG 0.582139817704211 0.6705743476770418 0.3585807160840588 -0.287859595868302 2.1761465737170456 -0.22974240950629327 2.1057520139071966
IMG_0836.JPG 0.588276044533882 0.6059770568798163 -0.37867806009747385 0.3785842426246237 -19.72336168426568 -0.7026305038650893 19.3577899553753
IMG_0731.JPG -0.24012234319633802 -0.34329520837039473 0.7154978972832335 -0.5590638775588158 6.118533971286303 0.8000394148079377 -2.1638352544149027
IMG_0732.JPG 0.2856303592232397 0.3448963669236628 0.6797980591183667 -0.5808066741969853 6.71140353872118 -1.8637910771908988 10.627982629710054
IMG_1068.JPG -0.007602130032020205 0.007841918416692134 0.776828514913529 -0.6296174793886864 -13.099681358479929 4.454376191640614 -19.43535561926008
IMG_0872.JPG 0.60368552698373 0.6963130866206643 0.2933004626738561 -0.25433581837106883 17.221965436151574 -5.298102088924874 38.530728793332116
IMG_1025.JPG 0.4192400138292743 0.5270624587746945 0.6358593944612865 -0.3769957636766353 -0.6830852585103925 -5.052344183944497 17.39894273280107
IMG_0863.JPG 0.613894945191917 0.689261296446385 -0.2840963777715372 0.25950165630676414 -48.30222952703454 -3.758428579738735 30.39909589539451
IMG_0769.JPG -0.4270188237606702 -0.5366532398300469 0.5522978899336003 -0.47394647916073984 -30.99531649905696 1.9438579074438969 -16.571567298850162
IMG_0852.JPG 0.5152548837756736 0.5795059122416245 -0.4750031470635753 0.41600157776385754 -49.76591207462317 -2.289593028971066 19.783983223923325
IMG_1042.JPG 0.47918069974828364 0.5257054328611436 0.5331790667647331 -0.45797351191189173 -0.2665786011091211 0.5623568326485933 -4.724684941821001
IMG_1016.JPG 0.6422641178778702 0.7458914420557831 -0.12860446836294093 0.12084556372325463 -11.403600873895364 -5.962651660237633 39.11864721293615
IMG_0886.JPG 0.5769513318064525 0.6143477748803755 -0.39415677847401726 0.3665302255057232 -32.08629398246512 -2.9404312102774153 34.40531277307521
IMG_0895.JPG 0.6582958021188284 0.7063127203830598 0.20047726697981696 -0.1660657802261334 15.303375495109451 -1.163540002897523 25.059379051364633
IMG_1043.JPG 0.6162782888699336 0.7800370396257248 0.0888885523083629 -0.061984778357322336 8.67016972830587 0.24840746917270895 -0.5540126181071325
IMG_0740.JPG 0.634445942770275 0.7007273709942149 0.2524668128807177 -0.20668818455762414 9.347137112884356 -1.141964742687575 14.02427954624032
IMG_0762.JPG 0.6557710933595785 0.7544649370966924 0.027216022296923076 -0.0024939799518579695 -12.374658181771004 -8.055726801258299 54.005286243352906
IMG_0904.JPG 0.2635559500956788 0.2912373725411918 0.6896537291049287 -0.608355807020968 8.438327451353345 1.120426049243768 -7.208852554322711
IMG_0982.JPG -0.03705785217919758 -0.031249179387004663 0.7629088912562215 -0.6446861469131369 -9.294779907280143 5.454653687323278 -31.68404143437425
IMG_0951.JPG 0.6558654687400205 0.7542989946500531 0.02733679810030823 -0.011234458330302588 18.555254196128608 -7.379272594539789 54.332330145909054
IMG_0825.JPG -0.04909090053570165 -0.08697229289864876 0.7527257021804864 -0.6507149306950308 -10.442543281950302 0.5229473307654842 -6.428498323888097
IMG_1090.JPG 0.3818569025665061 0.4407080916524598 0.6115793836461414 -0.5347264173513099 42.00794346644426 -0.9788161967573683 5.515709025402377
IMG_0800.JPG -0.13234579612520092 -0.16169274879802173 0.7546953232001335 -0.6219123848051057 6.480014157948916 0.1387818356452089 -0.8204325198897395
IMG_0888.JPG 0.6567101748346366 0.6822311458605324 -0.19642304327631271 0.25438238531108653 -24.164557000095602 -4.3830946365419665 50.803912460704055
IMG_1033.JPG 0.6737195476062271 0.7387084101391082 0.01185029771359997 -0.01647502373624864 -5.4875425817150925 -1.0049514934495005 10.256980001681494
IMG_0908.JPG 0.6537801266293948 0.7446139818639796 -0.08884536917597533 0.10113389349325606 -14.784966404883232 -0.11167568451315928 -3.470420665396428
IMG_0818.JPG 0.6354118708996006 0.7255224327105321 0.20122983484323423 -0.17139284559930662 1.1075091500871332 -0.4318975454168449 2.758207459767137
IMG_0760.JPG 0.3665063050068582 0.43220111733492833 0.6463504139924124 -0.5109857775872984 42.52449425982314 8.182615380564888 -32.41906388969998
IMG_0733.JPG 0.3427500177753758 0.4138350339111639 0.6502937407701218 -0.5370112109983635 4.2057314194168525 -2.2644644893953507 11.722564696727021
IMG_1047.JPG -0.4206494735604045 -0.5081864703380329 0.5800237932349672 -0.4778838049568586 1.344865954932446 -2.345013248676523 11.991033972658371
IMG_0815.JPG 0.62168792258945 0.6802556614113361 -0.29225550256290805 0.2556229317685347 -7.453784286312643 0.3858806423871836 -2.8792039290754334
IMG_0871.JPG 0.5711138749411538 0.6160876894134344 0.39658960330516346 -0.37011023675814314 29.576707110460465 -2.0740230332160743 30.46673926910992
IMG_1082.JPG 0.6766382057112561 0.7356376098071004 -0.0019063363501228467 0.03153429071453348 -19.183366243327253 -3.8258199928642265 31.60177541626622
IMG_1089.JPG 0.47625298778779174 0.5316577440826002 0.5291740858558861 -0.45880052488939993 37.54170807456404 -1.7812379748794018 19.148267353026952
IMG_1088.JPG 0.4029094662363366 0.5014985244782763 0.5952671898660055 -0.4814770655309459 40.55949304590963 -2.6659192989960814 11.538564775308338
IMG_0903.JPG 0.0916696370238755 0.09967590604342162 0.7348539602772597 -0.6645683173814129 3.746537195086089 1.3508181580370493 -10.848413511522558
IMG_0923.JPG 0.6410090935181506 0.7649591055094718 0.041728537651352024 -0.04694292354197792 15.491585962922695 -0.5762915873089485 1.9820843136214292
IMG_0876.JPG 0.4085737311011194 0.4825709123801899 0.5820013023798665 -0.5113387378311965 33.64459378996613 -1.6735083438983451 7.673371830701143
IMG_1108.JPG 0.44646842231694855 0.5598536724806253 0.5417622628636882 -0.4401402774350349 46.02155731410753 -5.24250789551874 21.25556006286982
IMG_1012.JPG 0.08505501368224462 0.07938929618344522 0.7697593063886703 -0.6276412944724431 10.094441531620088 6.79899182606418 -32.16039856898238
IMG_1081.JPG 0.6897634542137047 0.6758232757263388 0.19771808102111846 -0.16851361266979623 -14.771003026090229 -1.1329455700568936 9.533605700733636
IMG_0808.JPG 0.5669704318242167 0.6602271051124767 0.38106398979928063 -0.31214569481271687 -4.680600392220605 -1.8248271710065216 10.544570596120705
